
shift---------------------------------------------------
JOC_29C_LTQ/40C.png
167.81
157.01
145.65
157.57
152.21
151.28
150.50
128.99
128.50
128.54
127.15
124.68
125.98
122.96
114.14
66.24
55.52
29.67
---------------------------------------------------


shift---------------------------------------------------
JOC_29C_LTQ/41C.png
154.28
154.24
158.52
157.07
134.22
132.82
116.62
105.55
102.95
101.03
100.85
77.75
72.40
55.52
54.26
49.94
51.25
50.57
29.42
29.52
24.25
25.82
22.64
20.96
---------------------------------------------------


shift---------------------------------------------------
JOC_29C_LTQ/42C.png
142.95
135.73
152.28
121.11
121.03
118.89
118.54
116.52
116.46
115.28
115.06
77.91
72.69
54.18
49.79
31.51
30.58
29.41
29.50
24.24
23.84
22.51
21.07
---------------------------------------------------


shift---------------------------------------------------
JOC_29C_LTQ/43C.png
146.73
145.42
155.98
132.58
127.23
127.17
125.44
125.57
125.64
125.57
125.48
125.52
125.27
125.11
122.90
122.84
116.44
116.41
115.65
115.62
115.60
115.57
115.17
115.15
115.12
115.10
111.79
111.77
111.75
111.72
111.55
111.51
111.48
111.46
78.28
75.09
55.91
49.45
51.97
50.16
29.55
29.13
24.12
25.68
22.29
20.98
---------------------------------------------------


shift---------------------------------------------------
JOC_29C_LTQ/44C.png
142.84
141.46
154.85
155.48
125.64
125.57
118.12
117.59
117.55
117.28
114.54
114.28
77.92
72.66
55.93
49.56
51.11
50.23
29.57
29.19
24.18
25.74
22.47
20.95
---------------------------------------------------


shift---------------------------------------------------
JOC_29C_LTQ/45C.png
142.66
152.22
121.44
117.92
116.85
114.55
76.15
54.75
50.18
29.85
20.07
---------------------------------------------------


shift---------------------------------------------------
JOC_29C_LTQ/46C.png
144.44
145.17
155.76
152.95
121.05
121.00
118.75
118.07
116.50
116.19
114.97
114.50
80.88
76.18
56.71
55.56
51.52
31.39
31.56
50.56
27.91
26.69
25.06
22.99
21.71
21.57
---------------------------------------------------


shift---------------------------------------------------
JOC_29C_LTQ/47C.png
176.41
175.84
142.81
141.79
129.92
129.53
126.84
119.15
118.82
117.27
114.25
115.75
60.67
60.49
52.52
51.45
45.27
45.17
38.12
52.47
29.70
25.24
18.77
16.98
15.11
14.16
---------------------------------------------------


shift---------------------------------------------------
JOC_29C_LTQ/48C.png
176.49
175.95
140.42
139.30
150.55
129.99
127.47
126.54
119.27
118.95
114.54
114.02
60.65
60.46
52.59
51.57
45.44
45.29
58.11
52.45
25.26
20.47
18.69
16.94
15.08
14.20
---------------------------------------------------


shift---------------------------------------------------
JOC_29C_LTQ/49C.png
176.43
175.77
152.13
152.02
156.72
155.67
120.67
120.53
115.84
115.54
114.79
114.60
115.21
115.14
60.64
60.46
55.68
52.95
51.79
43.48
45.24
58.25
35.22
29.67
25.18
18.26
16.85
15.12
14.17
---------------------------------------------------


shift---------------------------------------------------
JOC_29C_LTQ/50C.png
176.01
175.37
141.81
141.00
152.19
151.84
129.54
121.17
120.98
115.64
115.19
108.64
108.57
60.80
60.60
52.57
51.45
42.98
42.86
57.48
32.49
29.69
25.09
18.65
16.86
15.49
14.14
---------------------------------------------------


shift---------------------------------------------------
JOC_29C_LTQ/51C.png
176.05
175.38
141.50
140.42
129.34
129.01
126.72
121.70
121.59
120.69
120.55
115.29
114.79
60.80
60.60
52.67
51.49
45.94
42.90
57.54
32.63
51.91
29.68
29.55
25.99
22.68
18.55
16.85
15.48
14.15
---------------------------------------------------


shift---------------------------------------------------
JOC_29C_LTQ/52C.png
176.16
142.65
129.50
126.92
117.95
116.54
115.51
60.55
51.09
44.11
54.21
29.98
29.81
22.15
21.20
14.16
---------------------------------------------------


shift---------------------------------------------------
JOC_29C_LTQ/53C.png
176.26
140.23
129.76
127.54
125.69
118.01
115.53
60.50
51.25
44.50
33.99
30.11
29.75
22.14
21.52
20.44
14.18
---------------------------------------------------


shift---------------------------------------------------
JOC_29C_LTQ/54C.png
176.21
151.47
156.60
119.32
114.69
114.49
115.24
60.50
55.76
51.53
44.57
33.72
50.41
29.64
21.98
21.62
14.14
---------------------------------------------------


shift---------------------------------------------------
JOC_29C_LTQ/55C.png
175.81
175.27
142.72
141.65
151.62
129.77
129.56
122.83
120.15
117.04
114.85
107.76
60.68
60.11
58.10
51.50
45.86
45.14
40.06
55.55
55.22
30.32
29.79
29.69
28.01
24.89
22.69
21.87
21.55
14.14
---------------------------------------------------


shift---------------------------------------------------
JOC_29C_LTQ/56C.png
175.85
175.51
142.28
141.21
128.78
126.95
126.73
122.38
120.75
119.58
116.67
114.40
60.66
58.15
51.55
45.91
45.18
40.15
35.55
53.24
50.55
29.78
28.93
24.82
22.70
21.86
21.56
14.12
---------------------------------------------------


shift---------------------------------------------------
JOC_29C_LTQ/57C.png
176.14
145.64
128.85
127.08
120.42
117.20
115.60
58.29
50.96
35.00
54.50
55.22
21.04
---------------------------------------------------


shift---------------------------------------------------
JOC_29C_LTQ/58C.png
175.06
142.51
129.21
127.02
117.47
116.96
115.62
60.94
49.77
48.91
44.26
41.64
50.59
29.68
14.13
---------------------------------------------------


shift---------------------------------------------------
JOC_29C_LTQ/59C.png
174.60
149.19
152.84
128.24
124.17
119.08
109.68
60.99
60.26
54.28
18.87
15.65
14.20
---------------------------------------------------


shift---------------------------------------------------
JOC_29C_LTQ/60C.png
174.40
155.75
142.95
154.64
115.49
110.75
110.65
61.00
60.76
55.90
54.74
18.74
15.59
14.21
---------------------------------------------------


shift---------------------------------------------------
JOC_29C_LTQ/61C.png
175.78
149.31
135.01
127.98
125.25
118.91
110.50
60.91
60.75
54.04
52.60
27.15
21.82
20.59
14.27
---------------------------------------------------


shift---------------------------------------------------
JOC_29C_LTQ/62C.png
170.48
170.34
169.75
169.67
140.62
140.32
157.93
157.51
129.52
129.04
128.95
128.82
128.27
128.24
126.94
126.07
125.85
125.56
125.56
122.55
62.59
62.25
55.09
55.98
49.24
48.65
55.45
55.20
---------------------------------------------------


shift---------------------------------------------------
JOC_29C_LTQ/63C.png
175.86
141.46
137.76
128.59
128.24
127.51
127.08
125.52
124.34
62.59
60.55
45.44
52.50
---------------------------------------------------


shift---------------------------------------------------
JOC_29C_LTQ/64C.png
174.17
139.38
128.78
124.45
119.92
48.76
32.74
18.02
---------------------------------------------------


shift---------------------------------------------------
JOC_29C_LTQ/65C.png
172.75
170.65
105.51
65.11
52.48
41.55
30.17
29.08
---------------------------------------------------


shift---------------------------------------------------
JOC_29C_LTQ/66C.png
175.62
169.16
52.15
47.67
45.92
50.25
17.90
---------------------------------------------------


shift---------------------------------------------------
JOC_29C_LTQ/67C.png
175.03
170.54
47.91
45.44
30.62
17.99
---------------------------------------------------


shift---------------------------------------------------
JOC_29C_LTQ/68C.png
170.48
149.66
156.59
154.28
129.55
129.28
128.95
126.95
125.64
125.58
122.83
82.70
---------------------------------------------------

