integral---------------------------------------------------
OL_35H/0H.png
( 0.97, 8.30556, 8.23333 )
( 1.96, 7.82222, 7.76111 )
( 2.02, 7.30556, 7.28333 )
( 2.44, 7.12222, 6.94444 )
( 2.95, 6.90556, 6.83333 )
( 2.02, 4.00556, 3.91667 )
( 3.00, 3.69444, 3.60556 )
( 2.00, 2.80556, 2.73333 )
( 3.02, 2.45, 2.39444 )
---------------------------------------------------

integral---------------------------------------------------
OL_35H/1H.png
( 1.93, 7.78333, 7.71111 )
( 1.93, 7.14444, 7.07778 )
( 0.91, 6.59444, 6.56111 )
( 2.87, 3.52778, 3.47222 )
( 1.82, 3.15, 3.06111 )
( 2.00, 2.60556, 2.55 )
( 8.71, 1.20556, 1.16667 )
---------------------------------------------------

integral---------------------------------------------------
OL_35H/2H.png
( 1.96, 7.73913, 7.65761 )
( 2.04, 6.93478, 6.86957 )
( 0.96, 6.56522, 6.49457 )
( 3.24, 3.83696, 3.78261 )
( 2.86, 3.47283, 3.44022 )
( 1.82, 3.10326, 3.0163 )
( 2.02, 2.56522, 2.5163 )
( 9.00, 1.15761, 1.1087 )
---------------------------------------------------

integral---------------------------------------------------
OL_35H/3H.png
( 1.09, 8.58333, 8.55 )
( 2.13, 7.85, 7.80556 )
( 2.12, 7.45556, 7.41667 )
( 2.45, 7.27778, 7.23333 )
( 3.21, 6.88889, 6.82778 )
( 2.07, 3.94444, 3.90556 )
( 3.09, 3.65, 3.62778 )
( 2.11, 2.77778, 2.73333 )
---------------------------------------------------

integral---------------------------------------------------
OL_35H/4H.png
( 0.97, 8.66477, 8.61364 )
( 1.98, 7.80682, 7.76136 )
( 1.97, 7.64773, 7.60795 )
( 1.69, 7.30114, 7.28409 )
( 3.06, 6.92045, 6.84659 )
( 2.00, 3.99432, 3.91477 )
( 2.97, 3.69318, 3.63068 )
( 2.00, 2.8125, 2.74432 )
---------------------------------------------------

integral---------------------------------------------------
OL_35H/5H.png
( 0.95, 8.6236, 8.57865 )
( 1.97, 7.79213, 7.74719 )
( 1.93, 7.62921, 7.58427 )
( 2.43, 7.2809, 7.23596 )
( 2.96, 6.88764, 6.82584 )
( 2.00, 4.11236, 4.0618 )
( 2.00, 3.94382, 3.89888 )
( 1.97, 2.76966, 2.70787 )
( 2.95, 1.20787, 1.17416 )
---------------------------------------------------

integral---------------------------------------------------
OL_35H/6H.png
( 0.97, 8.62778, 8.58333 )
( 2.02, 7.92778, 7.87222 )
( 2.21, 7.27222, 7.21667 )
( 2.02, 7.15, 7.1 )
( 3.05, 6.87778, 6.81667 )
( 1.99, 3.92222, 3.88333 )
( 3.00, 3.62778, 3.59444 )
( 2.05, 2.76111, 2.68889 )
---------------------------------------------------

integral---------------------------------------------------
OL_35H/7H.png
( 0.93, 8.33708, 8.30899 )
( 0.99, 7.53371, 7.49438 )
( 2.87, 7.25843, 7.22472 )
( 3.02, 6.90449, 6.85393 )
( 0.97, 6.56742, 6.53933 )
( 2.06, 3.96067, 3.90449 )
( 3.00, 3.64607, 3.61798 )
( 2.02, 2.7809, 2.73596 )
---------------------------------------------------

integral---------------------------------------------------
OL_35H/8H.png
( 0.96, 8.51087, 8.4837 )
( 1.95, 7.8913, 7.86413 )
( 1.04, 7.59783, 7.55978 )
( 2.08, 7.51087, 7.46739 )
( 2.00, 7.20652, 7.17935 )
( 2.06, 6.81522, 6.77174 )
( 2.00, 3.94022, 3.89674 )
( 3.00, 3.65217, 3.625 )
( 2.00, 2.75543, 2.71739 )
---------------------------------------------------

integral---------------------------------------------------
OL_35H/9H.png
( 0.95, 7.46154, 7.43407 )
( 0.98, 7.17582, 7.13736 )
( 0.91, 6.87363, 6.80769 )
( 0.99, 6.52747, 6.49451 )
( 3.00, 3.54396, 3.51648 )
( 1.99, 3.12088, 3.06044 )
( 2.14, 2.58242, 2.53846 )
( 9.01, 1.18681, 1.17582 )
---------------------------------------------------

integral---------------------------------------------------
OL_35H/10H.png
( 0.94, 8.72989, 8.67241 )
( 1.91, 7.86207, 7.78736 )
( 1.89, 7.45977, 7.38506 )
( 2.34, 7.28736, 7.2069 )
( 3.02, 6.89655, 6.8046 )
( 1.95, 4.12069, 4.05172 )
( 2.07, 3.94253, 3.87356 )
( 2.00, 2.77011, 2.68391 )
( 3.01, 1.21839, 1.17816 )
---------------------------------------------------

integral---------------------------------------------------
OL_35H/11H.png
( 0.94, 8.63636, 8.59659 )
( 1.92, 7.93182, 7.86932 )
( 2.12, 7.27841, 7.22159 )
( 1.96, 7.16477, 7.09659 )
( 2.93, 6.88068, 6.82386 )
( 1.96, 4.10795, 4.03977 )
( 1.99, 3.93182, 3.875 )
( 2.00, 2.76705, 2.65909 )
( 3.02, 1.19886, 1.14205 )
---------------------------------------------------

integral---------------------------------------------------
OL_35H/12H.png
( 1.00, 9.14286, 9.03846 )
( 2.04, 8.36264, 8.25824 )
( 2.04, 8.10989, 8.02747 )
( 1.71, 7.31319, 7.26374 )
( 3.13, 6.92308, 6.7967 )
( 2.95, 4.11538, 4.03846 )
( 2.06, 3.95055, 3.88462 )
( 1.99, 2.75824, 2.68132 )
( 3.00, 1.18681, 1.14286 )
---------------------------------------------------

integral---------------------------------------------------
OL_35H/13H.png
( 0.93, 8.72414, 8.67816 )
( 0.95, 7.9023, 7.85632 )
( 0.96, 7.75862, 7.72414 )
( 0.96, 7.53448, 7.5 )
( 1.08, 7.39655, 7.35632 )
( 2.01, 7.25287, 7.21839 )
( 3.01, 6.8908, 6.79885 )
( 2.00, 4.1092, 4.05172 )
( 1.99, 3.91379, 3.85057 )
( 1.94, 2.72989, 2.67241 )
( 3.00, 1.20115, 1.16667 )
---------------------------------------------------

integral---------------------------------------------------
OL_35H/14H.png
( 0.96, 8.80899, 8.69101 )
( 1.92, 7.87079, 7.74719 )
( 1.94, 7.46629, 7.37079 )
( 1.95, 7.22472, 7.10674 )
( 1.95, 6.79213, 6.66854 )
( 1.93, 4.1236, 4.02809 )
( 1.90, 3.90449, 3.80899 )
( 1.91, 2.73596, 2.61236 )
( 3.00, 1.19663, 1.13483 )
---------------------------------------------------

integral---------------------------------------------------
OL_35H/15H.png
( 0.88, 9.03371, 9.00562 )
( 1.95, 8.31461, 8.26404 )
( 1.97, 8.08427, 8.02809 )
( 2.17, 7.29775, 7.23034 )
( 1.03, 6.91573, 6.87079 )
( 1.99, 6.85393, 6.80337 )
( 1.92, 3.96067, 3.91573 )
( 3.00, 3.67978, 3.63483 )
( 1.94, 2.79213, 2.74157 )
---------------------------------------------------

integral---------------------------------------------------
OL_35H/16H.png
( 0.98, 8.5, 8.44253 )
( 0.97, 7.91954, 7.87356 )
( 1.02, 7.78161, 7.72989 )
( 0.99, 7.55747, 7.52299 )
( 1.19, 7.44828, 7.39655 )
( 2.45, 7.28736, 7.22414 )
( 3.11, 6.8908, 6.81609 )
( 2.06, 3.94828, 3.87931 )
( 3.00, 3.63793, 3.5977 )
( 2.03, 2.75287, 2.6954 )
---------------------------------------------------

integral---------------------------------------------------
OL_35H/17H.png
( 2.09, 7.71023, 7.63636 )
( 2.07, 7.42045, 7.36932 )
( 1.03, 6.68182, 6.61364 )
( 3.00, 3.51136, 3.49432 )
( 2.03, 3.13636, 3.0625 )
( 2.20, 2.60795, 2.54545 )
( 9.26, 1.19886, 1.16477 )
---------------------------------------------------

integral---------------------------------------------------
OL_35H/18H.png
( 0.97, 7.72472, 7.70787 )
( 1.01, 7.59551, 7.57303 )
( 0.99, 7.48876, 7.45506 )
( 1.05, 7.23596, 6.65169 )
( 1.01, 6.58989, 6.55056 )
( 2.99, 3.49438, 3.48315 )
( 2.03, 3.10112, 3.02809 )
( 2.22, 2.5618, 2.49438 )
( 9.31, 1.14045, 1.11798 )
---------------------------------------------------

integral---------------------------------------------------
OL_35H/19H.png
( 1.00, 8.5, 8.43605 )
( 1.97, 7.79651, 7.73837 )
( 2.20, 7.2907, 7.24419 )
( 2.03, 7.19767, 7.14535 )
( 2.04, 6.80814, 6.73256 )
( 2.01, 4.12209, 4.05233 )
( 2.03, 3.92442, 3.85465 )
( 2.02, 2.73837, 2.66279 )
( 3.00, 2.43023, 2.37791 )
( 2.94, 1.2093, 1.16279 )
---------------------------------------------------

integral---------------------------------------------------
OL_35H/20H.png
( 1.91, 7.70455, 7.66477 )
( 0.96, 7.46591, 7.42614 )
( 1.96, 7.39773, 7.34659 )
( 0.94, 6.65341, 6.61932 )
( 2.88, 3.44318, 3.41477 )
( 1.91, 3.06818, 2.97727 )
( 2.02, 2.53977, 2.47727 )
( 9.90, 1.13068, 1.06818 )
---------------------------------------------------

integral---------------------------------------------------
OL_35H/21H.png
( 0.99, -15.1365, -15.5562 )
( 0.94, -17.4452, -18.1798 )
( 0.92, -19.8588, -20.4885 )
( 0.99, -21.7478, -22.4824 )
( 9.94, -34.1308, -34.9704 )
( 1.95, -85.2372, -86.9162 )
( 1.85, -101.503, -103.602 )
( 2.09, -111.997, -113.256 )
( 8.61, -138.442, -138.967 )
---------------------------------------------------

integral---------------------------------------------------
OL_35H/22H.png
( 0.95, 8.50562, 8.48315 )
( 1.95, 7.87079, 7.83708 )
( 1.98, 7.79213, 7.76404 )
( 2.10, 7.51124, 7.45506 )
( 1.09, 7.36517, 7.33146 )
( 2.04, 6.98876, 6.94944 )
( 2.06, 4.32022, 4.24157 )
( 3.00, 3.83708, 3.82022 )
( 3.12, 1.30337, 1.27528 )
---------------------------------------------------

integral---------------------------------------------------
OL_35H/23H.png
( 2.01, 7.64773, 7.60795 )
( 2.11, 7.23295, 7.20455 )
( 0.97, 6.58523, 6.55114 )
( 2.97, 3.51136, 3.49432 )
( 1.93, 3.13068, 3.06818 )
( 2.11, 2.60795, 2.5625 )
( 3.15, 2.38636, 2.36364 )
( 9.00, 1.20455, 1.18182 )
---------------------------------------------------

integral---------------------------------------------------
OL_35H/24H.png
( 0.96, 8.44022, 8.3913 )
( 1.97, 7.86957, 7.82065 )
( 1.96, 7.21196, 7.15761 )
( 2.02, 6.9837, 6.93478 )
( 2.02, 6.80978, 6.7663 )
( 1.97, 4.13587, 4.07609 )
( 1.97, 3.92935, 3.90217 )
( 3.00, 3.74457, 2.80978 )
( 1.96, 2.75543, 2.70109 )
( 3.14, 1.24457, 1.17391 )
---------------------------------------------------

integral---------------------------------------------------
OL_35H/25H.png
( 0.98, 8.47253, 8.42308 )
( 1.99, 7.92857, 7.86264 )
( 0.99, 7.59341, 7.54945 )
( 1.99, 7.50549, 7.45055 )
( 2.25, 7.28571, 7.23077 )
( 3.05, 6.91758, 6.82418 )
( 1.98, 4.13187, 4.07692 )
( 2.06, 3.98901, 3.93407 )
( 2.01, 2.79121, 2.73626 )
( 3.06, 1.23077, 1.1978 )
---------------------------------------------------

integral---------------------------------------------------
OL_35H/26H.png
( 0.96, 8.78851, 8.76782 )
( 1.95, 8.53103, 8.50805 )
( 4.13, 8.32414, 8.28736 )
( 2.93, 8.16092, 8.12874 )
( 1.96, 7.05057, 7.02299 )
( 2.00, 6.9931, 6.96782 )
( 1.93, 6.51494, 6.49425 )
( 3.00, 6.38161, 6.36322 )
( 3.09, 5.89425, 5.87586 )
---------------------------------------------------

integral---------------------------------------------------
OL_35H/27H.png
( 0.85, 8.35795, 8.32386 )
( 0.87, 7.52841, 7.49432 )
( 2.80, 7.26705, 7.21023 )
( 2.73, 6.89773, 6.83523 )
( 0.88, 6.55682, 6.52841 )
( 1.88, 4.09659, 4.02841 )
( 1.89, 3.93182, 3.86932 )
( 1.83, 2.73864, 2.68182 )
( 3.00, 1.1875, 1.11364 )
---------------------------------------------------

integral---------------------------------------------------
OL_35H/28H.png
( 1.90, 7.77528, 7.72472 )
( 1.97, 7.1236, 7.06742 )
( 0.93, 6.64607, 6.59551 )
( 1.91, 3.94944, 3.88764 )
( 1.81, 3.10674, 3.00562 )
( 2.00, 2.5618, 2.49438 )
( 8.62, 1.15169, 1.11798 )
( 3.19, 1.07303, 1.05056 )
---------------------------------------------------

integral---------------------------------------------------
OL_35H/29H.png
( 9.89, 7.43182, 7.41477 )
( 0.92, 7.14773, 7.11932 )
( 0.89, 6.88068, 6.80682 )
( 0.96, 6.49432, 6.45455 )
( 2.02, 3.96591, 3.90909 )
( 1.89, 3.06818, 3.00568 )
( 2.00, 2.51136, 2.46591 )
( 9.07, 1.11932, 1.10227 )
---------------------------------------------------

integral---------------------------------------------------
OL_35H/30H.png
( 2.07, 7.82022, 7.76966 )
( 2.09, 7.41011, 7.37079 )
( 3.04, 7.34831, 7.30337 )
( 2.01, 7.18539, 7.14045 )
( 1.00, 6.92135, 6.8764 )
( 1.00, 4.48315, 4.43258 )
( 1.02, 4.33146, 4.27528 )
( 1.02, 4.07303, 4.01685 )
( 3.00, 3.70225, 3.66292 )
---------------------------------------------------

integral---------------------------------------------------
OL_35H/31H.png
( 0.93, 8.46111, 8.41667 )
( 0.94, 7.53333, 7.49444 )
( 0.97, 7.23333, 7.20556 )
( 1.96, 7.18889, 7.15556 )
( 1.97, 6.82222, 6.76111 )
( 1.01, 6.56111, 6.51667 )
( 2.98, 4.09444, 4.02778 )
( 2.00, 3.89444, 3.82222 )
( 2.00, 2.71111, 2.63889 )
( 3.11, 1.16667, 1.13333 )
---------------------------------------------------

integral---------------------------------------------------
OL_35H/32H.png
( 0.89, 8.18333, 8.16111 )
( 2.88, 7.32778, 7.28333 )
( 3.86, 7.23333, 7.2 )
( 1.96, 6.87778, 6.84444 )
( 2.01, 4.25556, 4.20556 )
( 3.00, 3.82222, 3.79444 )
( 3.15, 1.26667, 1.24444 )
---------------------------------------------------

integral---------------------------------------------------
OL_35H/33H.png
( 0.94, 8.38333, 8.33333 )
( 0.97, 7.53889, 7.50556 )
( 0.98, 7.24444, 7.22778 )
( 2.03, 7.20556, 7.17222 )
( 2.00, 6.84444, 6.77778 )
( 1.02, 6.58889, 6.54444 )
( 2.06, 3.92778, 3.86111 )
( 3.00, 3.66111, 3.62778 )
( 2.02, 2.77222, 2.69444 )
---------------------------------------------------

integral---------------------------------------------------
OL_35H/34H.png
( 2.03, 7.63043, 7.59239 )
( 2.00, 7.57065, 7.53261 )
( 0.95, 6.65217, 6.60326 )
( 2.03, 4.00543, 3.92935 )
( 1.92, 3.13587, 3.06522 )
( 2.05, 2.59239, 2.53261 )
( 9.00, 1.20109, 1.16304 )
( 3.46, 1.13587, 1.11413 )
---------------------------------------------------


shift--------------------------------------------------
OL_35H/0H.png
8.272
7.800
7.784
7.299
7.283
7.274
7.269
7.258
7.242
6.892
6.876
6.864
6.849
3.980
3.967
3.955
3.647
2.793
2.780
2.767
2.435
---------------------------------------------------


shift--------------------------------------------------
OL_35H/1H.png
7.767
7.756
7.749
7.739
7.130
7.113
7.095
6.577
3.505
3.113
2.605
2.592
2.578
1.194
---------------------------------------------------


shift--------------------------------------------------
OL_35H/2H.png
7.710
7.693
7.269
6.920
6.902
6.552
3.836
3.489
3.098
2.596
2.583
2.570
1.183
---------------------------------------------------


shift--------------------------------------------------
OL_35H/3H.png
8.570
7.838
7.821
7.447
7.430
7.275
7.269
7.259
7.244
6.889
6.875
6.859
6.843
3.946
3.934
3.922
3.646
2.774
2.761
2.749
---------------------------------------------------


shift--------------------------------------------------
OL_35H/4H.png
8.643
7.796
7.779
7.640
7.623
7.301
7.294
7.286
7.269
6.915
6.900
6.884
6.866
3.974
3.961
3.949
3.671
2.800
2.787
2.775
---------------------------------------------------


shift--------------------------------------------------
OL_35H/5H.png
8.595
7.778
7.761
7.621
7.604
7.277
7.269
7.259
7.245
6.888
6.873
6.865
6.863
6.848
4.122
4.108
4.094
4.079
3.955
3.943
3.930
2.763
2.751
2.739
1.231
1.217
1.203
---------------------------------------------------


shift--------------------------------------------------
OL_35H/6H.png
8.611
7.919
7.909
7.902
7.891
7.273
7.269
7.258
7.241
7.153
7.136
7.119
6.885
6.870
6.863
6.846
3.944
3.931
3.919
3.642
2.772
2.760
2.747
---------------------------------------------------


shift--------------------------------------------------
OL_35H/7H.png
8.323
7.817
7.516
7.269
7.261
7.254
7.236
7.229
6.899
6.883
6.869
6.855
6.561
6.558
6.554
6.551
3.946
3.933
3.920
3.637
2.772
2.759
2.746
---------------------------------------------------


shift--------------------------------------------------
OL_35H/8H.png
8.498
7.890
7.875
7.598
7.583
7.568
7.506
7.491
7.476
7.269
7.206
7.188
6.805
6.787
3.943
3.931
3.918
3.658
2.767
2.754
2.742
---------------------------------------------------


shift--------------------------------------------------
OL_35H/9H.png
7.449
7.269
7.164
7.158
6.841
6.517
6.513
6.510
6.506
3.536
3.111
3.097
3.084
2.583
2.569
2.556
1.184
---------------------------------------------------


shift--------------------------------------------------
OL_35H/10H.png
8.698
7.830
7.813
7.423
7.406
7.267
7.251
7.235
6.881
6.866
6.851
6.835
4.111
4.097
4.083
4.068
3.926
3.914
3.901
2.744
2.732
2.719
1.223
1.209
1.195
---------------------------------------------------


shift--------------------------------------------------
OL_35H/11H.png
8.618
7.921
7.910
7.903
7.893
7.272
7.269
7.255
7.240
7.148
7.131
7.114
6.882
6.866
6.848
4.115
4.101
4.087
4.072
3.941
3.929
3.916
2.756
2.744
2.732
1.225
1.211
1.197
---------------------------------------------------


shift--------------------------------------------------
OL_35H/12H.png
9.091
8.315
8.298
8.088
8.071
7.301
7.285
7.269
6.921
6.907
6.892
6.871
6.854
4.144
4.130
4.116
4.102
3.975
3.963
3.952
2.792
2.780
2.768
1.251
1.236
1.222
---------------------------------------------------


shift--------------------------------------------------
OL_35H/13H.png
8.705
7.886
7.883
7.879
7.754
7.739
7.531
7.515
7.397
7.382
7.366
7.269
7.258
7.243
7.226
6.877
6.862
6.842
6.826
4.113
4.099
4.084
4.070
3.907
3.895
3.882
2.733
2.721
2.708
1.224
1.209
1.195
---------------------------------------------------


shift--------------------------------------------------
OL_35H/14H.png
8.787
7.828
7.809
7.441
7.424
7.268
7.192
7.175
6.760
6.743
4.123
4.109
4.094
4.080
3.894
3.883
3.871
2.724
2.712
2.700
1.231
1.217
1.203
---------------------------------------------------


shift--------------------------------------------------
OL_35H/15H.png
9.022
8.297
8.280
8.066
8.049
7.286
7.269
7.254
6.909
6.894
6.880
6.854
6.838
3.960
3.948
3.936
3.659
2.791
2.779
2.767
---------------------------------------------------


shift--------------------------------------------------
OL_35H/16H.png
8.469
7.895
7.774
7.759
7.557
7.541
7.448
7.432
7.417
7.284
7.269
7.253
6.897
6.883
6.872
6.856
3.966
3.954
3.942
3.663
2.790
2.777
2.765
---------------------------------------------------


shift--------------------------------------------------
OL_35H/17H.png
7.673
7.656
7.389
7.372
7.269
6.644
3.503
3.109
3.096
3.083
2.580
2.567
2.553
1.173
---------------------------------------------------


shift--------------------------------------------------
OL_35H/18H.png
7.726
7.601
7.585
7.491
7.475
7.391
7.375
7.359
7.269
6.590
3.540
3.131
3.119
3.107
2.607
2.593
2.580
1.199
---------------------------------------------------


shift--------------------------------------------------
OL_35H/19H.png
8.471
7.784
7.768
7.284
7.268
7.194
7.176
6.795
6.778
4.126
4.112
4.098
4.084
3.926
3.914
3.902
2.740
2.728
2.716
2.431
1.231
1.216
1.202
---------------------------------------------------


shift--------------------------------------------------
OL_35H/20H.png
7.706
7.692
7.474
7.462
7.447
7.398
7.386
7.372
7.269
6.657
3.476
3.077
2.577
2.564
2.551
1.167
---------------------------------------------------


shift--------------------------------------------------
OL_35H/21H.png
7.712
7.589
7.573
7.463
7.447
7.363
7.347
7.331
7.269
6.704
3.983
3.969
3.954
3.940
3.091
2.568
2.555
2.542
1.177
1.142
1.127
1.113
---------------------------------------------------


shift--------------------------------------------------
OL_35H/22H.png
8.495
7.864
7.847
7.794
7.779
7.509
7.494
7.477
7.373
7.358
7.343
7.269
6.993
6.975
4.330
4.316
4.302
4.288
3.867
1.384
1.340
1.325
---------------------------------------------------


shift--------------------------------------------------
OL_35H/23H.png
7.636
7.620
7.268
7.230
7.214
6.571
3.503
3.103
3.091
2.605
2.592
2.578
2.385
1.190
---------------------------------------------------


shift--------------------------------------------------
OL_35H/24H.png
8.419
7.858
7.841
7.269
7.194
7.176
6.970
6.953
6.797
6.779
4.130
4.116
4.101
4.087
3.926
3.913
3.901
3.877
2.740
2.727
2.715
1.233
1.218
1.204
---------------------------------------------------


shift--------------------------------------------------
OL_35H/25H.png
8.446
7.904
7.889
7.584
7.569
7.554
7.495
7.480
7.465
7.274
7.269
7.258
7.242
6.892
6.877
6.866
6.851
4.120
4.105
4.091
4.077
3.969
3.956
3.944
2.771
2.758
2.746
1.225
1.211
1.196
---------------------------------------------------


shift--------------------------------------------------
OL_35H/26H.png
8.437
7.801
7.785
7.283
7.268
7.253
7.236
6.885
6.869
6.859
6.844
4.115
4.100
4.086
4.072
3.959
3.947
3.934
2.764
2.752
2.739
2.430
1.224
1.210
1.196
---------------------------------------------------


shift--------------------------------------------------
OL_35H/27H.png
8.343
7.515
7.514
7.269
7.262
7.254
7.252
7.237
7.230
6.900
6.884
6.867
6.853
6.561
6.557
6.554
6.550
4.110
4.096
4.081
4.067
3.945
3.932
3.919
2.758
2.745
2.732
1.218
1.203
1.189
---------------------------------------------------


shift--------------------------------------------------
OL_35H/28H.png
7.764
7.754
7.749
7.737
7.269
7.113
7.096
7.079
6.635
3.968
3.954
3.940
3.926
3.100
2.580
2.567
2.554
1.184
1.130
1.115
1.101
---------------------------------------------------


shift--------------------------------------------------
OL_35H/29H.png
7.436
7.268
7.149
7.143
6.856
6.502
6.499
6.496
6.493
4.004
3.989
3.975
3.961
3.099
3.086
3.073
2.560
2.546
2.532
1.175
1.148
1.134
1.120
---------------------------------------------------


shift--------------------------------------------------
OL_35H/30H.png
7.806
7.791
7.411
7.397
7.381
7.352
7.343
7.337
7.326
7.312
7.269
7.177
7.162
6.924
6.910
6.895
4.508
4.497
4.484
4.472
4.350
4.339
4.330
4.318
4.105
4.085
4.081
4.061
3.719
---------------------------------------------------


shift--------------------------------------------------
OL_35H/31H.png
8.444
7.521
7.269
7.233
7.227
7.198
7.180
6.818
6.800
6.566
6.562
6.559
6.586
4.122
4.107
4.093
4.079
3.912
3.899
3.886
2.734
2.721
2.708
1.226
1.212
1.198
---------------------------------------------------


shift--------------------------------------------------
OL_35H/32H.png
8.172
7.308
7.292
7.288
7.280
7.269
7.229
7.225
7.212
7.207
6.867
6.849
4.257
4.243
4.229
4.215
3.815
1.282
1.268
1.254
---------------------------------------------------


shift--------------------------------------------------
OL_35H/33H.png
8.359
7.528
7.268
7.238
7.231
7.207
7.189
6.825
6.807
6.574
6.570
6.567
6.564
3.926
3.913
3.900
3.657
2.757
2.744
2.731
---------------------------------------------------


shift--------------------------------------------------
OL_35H/34H.png
7.621
7.605
7.566
7.550
7.269
6.639
3.991
3.977
3.962
3.948
3.118
3.106
3.094
2.579
2.566
2.553
1.187
1.148
1.134
1.120
---------------------------------------------------

