integral---------------------------------------------------
JOC_22H_JWQ/62H.png
( 0.97, 9.03883, 8.89806 )
( 1.02, 7.40777, 7.22816 )
( 1.05, 7.09223, 6.95631 )
( 1.01, 6.95631, 6.78641 )
( 2.23, 3.96117, 3.83495 )
( 2.12, 3.67476, 3.52913 )
( 4.21, 1.67961, 1.63107 )
( 2.18, 1.63107, 1.54369 )
---------------------------------------------------

integral---------------------------------------------------
JOC_22H_JWQ/63H.png
( 2.10, 7.35437, 7.29612 )
( 2.09, 7.21845, 7.16019 )
( 2.21, 7.14563, 7.05825 )
( 2.06, 6.92233, 6.8301 )
( 1.00, 5.05825, 4.98544 )
( 1.06, 3.03883, 2.92718 )
( 1.05, 2.83495, 2.73301 )
( 3.20, 2.37379, 2.3301 )
( 1.10, 2.2233, 2.13592 )
( 1.07, 2.13592, 2.01942 )
---------------------------------------------------

integral---------------------------------------------------
JOC_22H_JWQ/64H.png
( 2.00, 7.32039, 7.27184 )
( 2.03, 7.13592, 7.04854 )
( 4.94, 6.89806, 6.80583 )
( 1.11, 5.03398, 4.90777 )
( 1.06, 3.03883, 2.91748 )
( 1.04, 2.8301, 2.74757 )
( 1.08, 2.19417, 2.1165 )
( 1.18, 2.1165, 2 )
---------------------------------------------------

integral---------------------------------------------------
JOC_22H_JWQ/65H.png
( 4.20, 7.43204, 7.34466 )
( 0.97, 7.34466, 7.29126 )
( 2.00, 7.08252, 7.03883 )
( 1.00, 6.84951, 6.79612 )
( 1.03, 5.07767, 4.99029 )
( 2.17, 3.00485, 2.69417 )
( 2.23, 2.23301, 1.99029 )
---------------------------------------------------

integral---------------------------------------------------
JOC_22H_JWQ/66H.png
( 3.99, 7.43204, 7.34466 )
( 1.07, 7.32524, 7.26699 )
( 1.06, 7.17961, 7.11165 )
( 1.08, 7.11165, 7.06796 )
( 0.99, 6.96602, 6.91748 )
( 1.11, 6.91748, 6.84466 )
( 1.00, 5.21845, 5.15534 )
( 1.01, 3.2767, 3.15049 )
( 1.02, 2.63107, 2.51942 )
( 1.04, 2.44175, 2.30583 )
( 3.25, 0.815534, 0.762136 )
---------------------------------------------------

integral---------------------------------------------------
JOC_22H_JWQ/67H.png
( 4.24, 7.49515, 7.3835 )
( 1.02, 7.3835, 7.31068 )
( 1.00, 7.02913, 6.97573 )
( 2.00, 6.5534, 6.48058 )
( 1.01, 5.09709, 5.03398 )
( 3.16, 3.81068, 3.74272 )
( 1.05, 2.99515, 2.86408 )
( 1.07, 2.80583, 2.68447 )
( 1.06, 2.25728, 2.14078 )
( 1.11, 2.14078, 2 )
---------------------------------------------------

integral---------------------------------------------------
JOC_22H_JWQ/68H.png
( 4.10, 7.43204, 7.34466 )
( 0.94, 7.34466, 7.29126 )
( 1.95, 7.08252, 7.03883 )
( 0.98, 6.84951, 6.79612 )
( 1.00, 5.07767, 4.99029 )
( 1.07, 3.00971, 2.87379 )
( 1.05, 2.83981, 2.68447 )
( 1.13, 2.28155, 2.12136 )
( 1.08, 2.12136, 1.98058 )
---------------------------------------------------

integral---------------------------------------------------
JOC_22H_JWQ/69H.png
( 2.10, 7.4466, 7.38835 )
( 2.18, 7.38835, 7.31553 )
( 1.25, 7.29126, 7.23301 )
( 1.00, 5.30583, 5.18447 )
( 1.07, 2.53398, 2.40291 )
( 1.09, 2.06311, 1.91748 )
---------------------------------------------------

integral---------------------------------------------------
JOC_22H_JWQ/70H.png
( 4.13, 7.9466, 7.83495 )
( 4.44, 7.67961, 7.56796 )
( 4.00, 3.46602, 3.34466 )
---------------------------------------------------

integral---------------------------------------------------
JOC_22H_JWQ/71H.png
( 2.28, 7.73786, 7.65534 )
( 5.27, 7.42718, 7.30097 )
( 1.10, 7.19417, 7.11165 )
( 1.05, 7.06311, 6.99515 )
( 2.12, 6.99515, 6.8932 )
( 1.01, 6.43689, 6.33495 )
( 1.99, 6.14563, 6.08738 )
( 3.56, 3.78155, 3.68447 )
---------------------------------------------------

integral---------------------------------------------------
JOC_22H_JWQ/72H.png
( 4.00, 7.5, 7.43204 )
( 4.02, 7.40777, 7.32039 )
( 2.14, 7.32039, 7.20874 )
( 2.99, 4.65534, 4.52913 )
( 1.03, 2.11165, 2.00485 )
( 2.01, 1.96602, 1.90291 )
( 1.07, 1.90291, 1.80583 )
( 2.04, 1.69417, 1.54369 )
---------------------------------------------------

integral---------------------------------------------------
JOC_22H_JWQ/73H.png
( 4.00, 7.31068, 7.16019 )
( 3.98, 5.14078, 5.06796 )
---------------------------------------------------

integral---------------------------------------------------
JOC_22H_JWQ/74H.png
( 2.01, 8.01942, 7.93689 )
( 1.97, 7.6068, 7.49515 )
( 2.02, 7.49515, 7.40291 )
( 1.99, 7.22816, 7.13107 )
( 2.99, 6.93204, 6.81553 )
( 3.08, 3.83981, 3.7767 )
( 2.06, 3.29126, 3.20874 )
( 2.06, 3.09709, 2.99029 )
---------------------------------------------------

integral---------------------------------------------------
JOC_22H_JWQ/75H.png
( 3.91, 7.39806, 7.28641 )
( 1.27, 7.2767, 7.21845 )
( 2.15, 7.21845, 7.09709 )
( 0.83, 6.93204, 6.87864 )
( 1.03, 6.87864, 6.82524 )
( 1.01, 4.67476, 4.52427 )
( 3.15, 3.8932, 3.71359 )
( 2.00, 2.79612, 2.67476 )
( 2.23, 2.10194, 1.92718 )
---------------------------------------------------

integral---------------------------------------------------
JOC_22H_JWQ/76H.png
( 4.09, 7.51942, 7.40777 )
( 1.00, 7.40777, 7.33981 )
( 2.04, 7.2233, 7.11165 )
( 1.97, 7.00971, 6.89806 )
( 1.00, 5.14563, 5.07282 )
( 1.08, 3.08738, 2.98058 )
( 1.09, 2.8835, 2.78641 )
( 1.09, 2.30097, 2.20874 )
( 1.09, 2.18447, 2.06796 )
---------------------------------------------------

integral---------------------------------------------------
JOC_22H_JWQ/77H.png
( 1.00, 7.80097, 7.74272 )
( 0.99, 7.31553, 7.26214 )
( 0.89, 7.24272, 7.17961 )
( 5.15, 7.1699, 7.06311 )
( 1.01, 7.00971, 6.9466 )
( 1.04, 6.92233, 6.84466 )
( 1.01, 4.8301, 4.7233 )
( 1.08, 3.06311, 2.93204 )
( 2.12, 2.90777, 2.82524 )
( 1.09, 2.75243, 2.62136 )
( 2.14, 2.17961, 1.98544 )
( 1.09, 1.70388, 1.56796 )
---------------------------------------------------

integral---------------------------------------------------
JOC_22H_JWQ/78H.png
( 1.94, 7.94175, 7.86408 )
( 0.92, 7.62621, 7.56311 )
( 1.90, 7.4466, 7.37864 )
( 1.91, 7.13592, 7.07282 )
( 1.99, 6.90777, 6.81068 )
( 1.96, 3.42233, 3.33981 )
( 2.09, 3.0534, 2.97573 )
---------------------------------------------------

integral---------------------------------------------------
JOC_22H_JWQ/79H.png
( 2.00, 7.84951, 7.79126 )
( 1.04, 7.61165, 7.58252 )
( 1.88, 7.58252, 7.53398 )
( 2.01, 7.13107, 7.07282 )
( 1.99, 6.90291, 6.81553 )
( 2.00, 3.39806, 3.34466 )
( 2.05, 3.03883, 2.98058 )
---------------------------------------------------

integral---------------------------------------------------
JOC_22H_JWQ/80H.png
( 2.07, 7.80097, 7.7233 )
( 6.07, 7.42233, 7.31068 )
( 1.79, 7.24272, 7.18932 )
( 1.05, 7.06796, 7.01456 )
( 1.09, 7.01456, 6.97087 )
( 1.01, 6.87379, 6.82524 )
( 1.09, 6.18447, 6.12621 )
---------------------------------------------------

integral---------------------------------------------------
JOC_22H_JWQ/81H.png
( 4.25, 7.36893, 7.32524 )
( 4.00, 7.32524, 7.27184 )
( 2.15, 4.59223, 4.47573 )
( 1.14, 2.07767, 1.98544 )
( 5.54, 1.92718, 1.76699 )
( 2.19, 1.59223, 1.5 )
---------------------------------------------------

integral---------------------------------------------------
JOC_22H_JWQ/82H.png
( 5.99, 7.34466, 7.28155 )
( 5.86, 7.17476, 7.09223 )
( 2.00, 4.55825, 4.46117 )
( 5.89, 2.33981, 2.28641 )
( 1.02, 2.05825, 1.95631 )
( 3.09, 1.91748, 1.76699 )
( 2.01, 1.64563, 1.52913 )
---------------------------------------------------

integral---------------------------------------------------
JOC_22H_JWQ/83H.png
( 0.96, 9.1699, 9.09709 )
( 4.09, 7.31553, 7.24272 )
( 1.01, 7.21359, 7.14563 )
( 0.96, 7.00485, 6.95631 )
( 1.08, 6.95631, 6.8835 )
( 1.05, 6.74757, 6.68447 )
( 1.09, 6.68447, 6.61165 )
( 0.75, 5.28155, 4.9466 )
( 1.01, 4.52427, 4.43204 )
( 1.09, 2.62136, 2.51456 )
( 0.77, 2.43689, 2.36893 )
( 2.04, 1.86893, 1.69903 )
---------------------------------------------------


shift--------------------------------------------------
JOC_22H_JWQ/62H.png
8.96
8.96
8.94
8.94
8.94
7.52
7.52
7.51
7.39
7.29
7.28
7.05
7.05
7.01
7.01
6.99
6.99
6.89
6.87
3.91
5.89
5.88
5.62
1.66
1.61
---------------------------------------------------


shift--------------------------------------------------
JOC_22H_JWQ/63H.png
7.32
7.30
7.25
7.25
7.20
7.18
7.13
7.11
7.09
7.07
6.90
6.88
6.88
6.86
6.86
6.84
6.84
5.04
5.04
5.02
5.01
3.00
2.99
2.97
2.96
2.95
2.82
2.81
2.80
2.78
2.77
2.76
2.36
2.21
2.21
2.20
2.20
2.19
2.18
2.18
2.17
2.17
2.16
2.16
2.14
2.13
2.12
2.12
2.11
2.11
2.11
2.10
2.10
2.08
2.08
2.07
2.07
2.07
2.07
2.06
---------------------------------------------------


shift--------------------------------------------------
JOC_22H_JWQ/64H.png
7.31
7.30
7.29
7.29
7.25
7.11
7.10
7.09
7.08
7.07
7.07
6.89
6.88
6.87
6.86
6.86
6.84
6.84
6.83
6.82
5.00
4.99
4.98
4.97
2.99
2.97
2.96
2.94
2.82
2.82
2.81
2.80
2.78
2.78
2.77
2.76
2.19
2.18
2.18
2.17
2.16
2.16
2.15
2.14
2.13
2.12
2.11
2.10
2.09
2.09
2.08
2.08
2.08
2.07
2.06
2.06
2.06
2.05
2.05
2.04
---------------------------------------------------


shift--------------------------------------------------
JOC_22H_JWQ/65H.png
7.39
7.38
7.38
7.34
7.33
7.32
7.31
7.31
7.08
7.07
7.06
7.05
6.84
6.83
6.82
6.81
5.06
5.05
5.03
5.02
2.99
2.98
2.97
2.95
2.94
2.92
2.91
2.79
2.78
2.77
2.75
2.74
2.72
2.23
2.22
2.21
2.20
2.19
2.18
2.17
2.11
2.10
2.09
2.08
2.07
2.06
2.05
2.04
2.02
2.01
---------------------------------------------------


shift--------------------------------------------------
JOC_22H_JWQ/66H.png
7.41
7.41
7.41
7.40
7.39
7.38
7.37
7.36
7.31
7.31
7.31
7.31
7.30
7.30
7.29
7.29
7.29
7.28
7.28
7.25
7.16
7.16
7.16
7.14
7.14
7.12
7.12
7.10
7.08
6.95
6.93
6.91
6.91
6.89
6.89
6.88
6.87
5.20
5.19
3.25
3.23
3.21
3.19
2.61
2.61
2.57
2.57
2.40
2.40
2.39
2.39
2.39
2.38
2.38
2.38
2.38
2.37
2.37
0.81
0.79
---------------------------------------------------


shift--------------------------------------------------
JOC_22H_JWQ/67H.png
7.47
7.46
7.46
7.46
7.45
7.45
7.45
7.44
7.44
7.44
7.43
7.43
7.42
7.42
7.41
7.41
7.40
7.40
7.40
7.39
7.39
7.37
7.37
7.36
7.36
7.35
7.35
7.34
7.02
7.02
7.02
7.01
7.01
7.00
7.00
7.00
7.00
6.99
6.53
6.52
6.52
6.51
5.09
5.08
5.06
5.06
3.79
3.78
2.94
2.78
2.77
2.76
2.24
2.21
2.21
2.20
2.19
2.19
2.11
2.11
---------------------------------------------------


shift--------------------------------------------------
JOC_22H_JWQ/68H.png
7.39
7.38
7.38
7.34
7.33
7.32
7.31
7.31
7.08
7.07
7.06
7.05
6.84
6.83
6.82
6.81
5.06
5.05
5.03
5.02
2.99
2.98
2.97
2.95
2.94
2.92
2.91
2.79
2.78
2.77
2.75
2.74
2.72
2.23
2.22
2.21
2.20
2.19
2.18
2.17
2.11
2.10
2.09
2.08
2.07
2.06
2.05
2.04
2.02
2.01
---------------------------------------------------


shift--------------------------------------------------
JOC_22H_JWQ/69H.png
7.42
7.40
7.37
7.36
7.35
7.33
7.28
7.27
7.26
7.25
7.24
5.28
5.27
5.25
2.52
2.51
2.50
2.50
2.49
2.48
2.47
2.46
2.45
2.44
2.44
2.44
2.03
2.02
2.02
2.01
2.09
2.00
1.99
1.98
1.98
1.97
---------------------------------------------------


shift--------------------------------------------------
JOC_22H_JWQ/70H.png
7.89
7.87
7.63
7.62
7.60
7.25
3.40
3.40
---------------------------------------------------


shift--------------------------------------------------
JOC_22H_JWQ/71H.png
7.71
7.69
7.69
7.67
7.39
7.37
7.35
7.33
7.32
7.17
7.16
7.14
7.03
7.02
7.00
6.98
6.96
6.95
6.94
6.93
6.40
6.40
6.12
3.75
0.00
---------------------------------------------------


shift--------------------------------------------------
JOC_22H_JWQ/72H.png
7.47
7.45
7.38
7.37
7.36
7.36
7.34
7.29
7.28
7.27
7.25
4.61
4.58
2.08
2.07
2.07
2.06
2.05
1.95
1.92
1.91
1.90
1.88
1.87
1.86
1.85
1.84
1.83
1.68
1.67
1.65
1.64
1.62
1.61
1.59
---------------------------------------------------


shift--------------------------------------------------
JOC_22H_JWQ/73H.png
7.27
7.27
7.26
7.25
7.25
7.24
7.23
7.23
7.22
7.22
5.11
---------------------------------------------------


shift--------------------------------------------------
JOC_22H_JWQ/74H.png
7.98
7.96
7.96
7.56
7.54
7.54
7.53
7.52
7.52
7.52
7.46
7.44
7.42
7.25
7.22
7.22
7.21
7.20
7.19
7.18
6.91
6.89
6.87
6.84
3.82
3.28
3.26
3.24
3.06
3.04
3.03
---------------------------------------------------


shift--------------------------------------------------
JOC_22H_JWQ/75H.png
7.35
7.34
7.33
7.33
7.31
7.28
7.27
7.26
7.25
7.25
7.24
7.21
7.19
7.17
7.17
7.16
7.15
7.14
7.14
6.92
6.90
6.88
6.87
6.85
4.64
4.63
4.62
4.61
3.83
3.81
2.78
2.77
2.76
2.75
2.75
2.74
2.73
2.10
2.08
2.08
2.07
2.06
2.05
2.04
2.04
2.03
2.02
2.00
1.99
1.99
1.98
1.97
1.96
---------------------------------------------------


shift--------------------------------------------------
JOC_22H_JWQ/76H.png
7.49
7.49
7.47
7.46
7.45
7.44
7.43
7.42
7.41
7.39
7.38
7.38
7.37
7.37
7.20
7.18
7.16
7.15
7.13
6.99
6.99
6.97
6.97
6.95
6.95
6.93
6.91
6.91
5.12
5.10
3.05
3.04
3.03
3.01
3.00
2.86
2.85
2.82
2.81
2.28
2.28
2.27
2.27
2.26
2.25
2.24
2.24
2.23
2.19
2.16
2.16
2.15
2.15
2.14
2.14
2.13
2.13
2.12
2.12
2.11
---------------------------------------------------


shift--------------------------------------------------
JOC_22H_JWQ/77H.png
7.78
7.76
7.50
7.29
7.27
7.23
7.22
7.15
7.15
7.11
7.09
6.99
6.97
6.90
6.90
6.89
6.88
6.87
6.86
4.81
4.78
5.04
5.03
5.01
5.00
2.99
2.97
2.96
2.91
2.90
2.87
2.86
2.75
2.70
2.69
2.66
2.14
2.14
2.13
2.12
2.11
2.11
2.19
2.09
2.08
2.08
2.08
2.07
2.07
1.70
1.69
1.67
1.65
1.64
1.62
---------------------------------------------------


shift--------------------------------------------------
JOC_22H_JWQ/78H.png
7.92
7.91
7.91
7.89
7.89
7.60
7.42
7.42
7.41
7.40
7.40
7.25
7.25
7.12
7.11
7.10
7.10
7.09
7.09
7.08
6.90
6.88
6.88
6.87
6.86
6.85
6.85
6.83
6.83
5.40
5.59
5.57
5.04
5.02
5.01
---------------------------------------------------


shift--------------------------------------------------
JOC_22H_JWQ/79H.png
7.84
7.83
7.83
7.82
7.81
7.81
7.80
7.59
7.59
7.58
7.57
7.57
7.57
7.56
7.55
7.52
7.25
7.25
7.12
7.12
7.11
7.11
7.10
7.10
7.09
7.08
7.08
6.89
6.89
6.87
6.87
6.86
6.86
6.85
6.84
6.83
6.82
3.40
3.38
3.38
3.37
3.03
3.02
3.00
---------------------------------------------------


shift--------------------------------------------------
JOC_22H_JWQ/80H.png
7.78
7.78
7.76
7.76
7.76
7.74
7.74
7.41
7.41
7.59
7.59
7.38
7.38
7.57
7.57
7.37
7.56
7.56
7.55
7.35
7.35
7.54
7.55
7.33
7.32
7.25
7.25
7.23
7.23
7.22
7.21
7.21
7.20
7.19
7.06
7.06
7.04
7.04
7.02
7.02
7.00
7.00
6.98
6.98
6.86
6.86
6.84
6.84
6.16
---------------------------------------------------


shift--------------------------------------------------
JOC_22H_JWQ/81H.png
7.56
7.33
7.31
7.29
4.55
4.54
4.52
4.51
2.06
2.06
2.05
2.04
2.03
2.02
2.02
2.01
1.92
1.91
1.91
1.90
1.89
1.89
1.88
1.87
1.87
1.86
1.84
1.85
1.82
1.79
1.59
1.56
1.55
1.53
1.52
---------------------------------------------------


shift--------------------------------------------------
JOC_22H_JWQ/82H.png
7.33
7.31
7.25
7.15
7.15
4.54
4.54
4.52
4.51
2.55
2.05
2.04
2.03
2.03
2.02
2.01
2.01
2.00
1.90
1.99
1.90
1.88
1.88
1.87
1.87
1.86
1.85
1.83
1.82
1.81
1.79
1.64
1.63
1.61
1.61
1.60
1.58
1.57
1.55
---------------------------------------------------


shift--------------------------------------------------
JOC_22H_JWQ/83H.png
9.12
7.50
7.29
7.28
7.27
7.25
7.20
7.19
7.18
7.17
7.17
7.16
6.98
6.96
6.95
6.95
6.93
6.95
6.91
6.91
6.72
6.70
6.66
6.65
6.63
5.16
4.50
4.48
4.47
2.61
2.59
2.57
2.56
2.55
2.54
2.47
2.46
2.46
2.45
2.45
2.41
2.59
1.85
1.82
1.81
1.80
1.79
1.77
---------------------------------------------------


