
shift---------------------------------------------------
JMC_35C_XQM/69C.png
172.80
170.48
167.66
166.91
152.14
145.10
144.90
139.92
130.14
150.01
119.87
109.40
105.59
105.15
56.56
51.27
45.65
41.89
56.05
29.98
29.84
28.79
16.26
15.19
---------------------------------------------------


shift---------------------------------------------------
JMC_35C_XQM/70C.png
175.81
170.84
167.61
166.11
151.56
145.17
145.06
159.41
150.42
150.21
120.03
109.50
105.62
105.24
56.44
51.29
45.71
42.16
56.04
50.06
29.16
16.22
13.12
---------------------------------------------------


shift---------------------------------------------------
JMC_35C_XQM/71C.png
171.23
167.66
166.92
152.67
152.15
145.08
144.91
159.95
137.04
135.61
150.16
150.02
119.88
109.40
105.41
105.56
105.15
59.89
56.56
55.66
45.66
41.90
57.51
56.01
31.51
50.04
16.27
15.15
---------------------------------------------------


shift---------------------------------------------------
JMC_35C_XQM/72C.png
166.79
151.53
145.74
145.02
140.22
130.31
125.58
117.78
109.14
105.65
105.27
56.99
45.61
45.08
22.91
16.25
15.21
10.86
---------------------------------------------------


shift---------------------------------------------------
JMC_35C_XQM/73C.png
166.00
145.11
124.42
109.54
106.02
56.22
52.19
45.65
45.24
22.89
16.29
15.18
10.81
---------------------------------------------------


shift---------------------------------------------------
JMC_35C_XQM/74C.png
169.09
167.15
158.31
146.85
144.58
145.61
156.05
129.66
129.50
127.95
127.52
126.83
126.62
124.17
121.68
111.04
101.76
55.89
44.92
25.89
11.10
---------------------------------------------------


shift---------------------------------------------------
JMC_35C_XQM/75C.png
170.47
169.00
160.67
157.52
144.59
142.62
141.47
156.14
129.92
127.92
126.68
126.60
125.00
125.87
120.07
110.68
101.94
55.88
44.75
23.86
10.95
---------------------------------------------------


shift---------------------------------------------------
JMC_35C_XQM/76C.png
168.55
167.33
148.75
144.97
157.12
127.76
125.42
124.18
125.95
125.41
110.21
102.94
55.97
45.45
25.68
10.95
---------------------------------------------------


shift---------------------------------------------------
JMC_35C_XQM/77C.png
167.79
162.50
152.58
145.32
129.71
127.60
126.81
104.69
56.26
45.60
23.19
10.84
---------------------------------------------------


shift---------------------------------------------------
JMC_35C_XQM/78C.png
168.54
164.46
144.41
141.62
156.65
127.64
126.26
124.20
122.25
117.82
109.01
105.04
56.07
45.65
44.89
25.47
16.51
10.94
---------------------------------------------------


shift---------------------------------------------------
JMC_35C_XQM/79C.png
168.45
165.04
155.03
144.57
141.86
156.58
128.19
121.91
109.98
108.19
105.45
56.14
45.00
59.59
23.33
10.96
---------------------------------------------------


shift---------------------------------------------------
JMC_35C_XQM/80C.png
167.01
166.76
156.03
155.89
144.67
137.22
128.55
127.80
127.73
127.64
110.64
108.50
104.10
102.38
65.18
55.92
51.88
45.30
41.59
57.85
50.72
16.52
13.29
---------------------------------------------------


shift---------------------------------------------------
JMC_35C_XQM/81C.png
167.73
167.66
152.12
144.80
141.85
135.05
130.66
150.15
129.72
120.02
105.19
105.05
56.54
45.96
59.94
59.80
39.66
39.52
59.58
59.24
59.10
34.94
22.81
10.87
---------------------------------------------------


shift---------------------------------------------------
JMC_35C_XQM/82C.png
169.46
167.69
152.12
144.84
159.05
156.78
130.16
129.78
125.74
125.54
121.62
120.10
119.79
110.46
107.63
105.27
105.09
56.55
45.11
51.81
22.89
10.91
---------------------------------------------------


shift---------------------------------------------------
JMC_35C_XQM/83C.png
169.64
156.60
155.65
146.65
146.55
159.54
156.96
129.74
128.58
128.05
127.96
124.28
118.14
109.65
105.60
104.59
66.54
55.98
46.72
56.95
50.18
16.54
15.29
---------------------------------------------------


shift---------------------------------------------------
JMC_35C_XQM/84C.png
167.62
166.80
156.06
152.12
144.92
139.35
157.15
156.94
150.13
150.05
128.54
127.75
119.85
110.14
105.42
105.12
65.26
56.50
46.12
41.80
57.80
50.18
16.22
---------------------------------------------------


shift---------------------------------------------------
JMC_35C_XQM/85C.png
167.66
166.92
156.08
152.15
144.96
140.16
157.14
156.80
150.14
150.07
128.55
127.78
119.88
109.95
105.45
105.14
65.50
56.51
54.95
41.82
57.79
30.15
---------------------------------------------------


shift---------------------------------------------------
JMC_35C_XQM/86C.png
172.75
168.12
167.64
165.02
156.06
155.33
155.25
148.67
146.99
146.96
145.91
145.50
145.10
142.02
138.26
137.15
157.05
156.64
150.82
150.20
129.94
129.58
129.45
129.22
128.69
128.50
127.72
127.44
125.24
121.05
119.99
118.95
111.87
105.55
105.18
105.57
65.24
65.18
56.58
55.92
45.55
41.10
57.79
57.47
51.05
30.99
---------------------------------------------------


shift---------------------------------------------------
JMC_35C_XQM/87C.png
168.22
156.56
145.85
141.51
137.59
136.95
151.09
128.80
128.36
128.27
127.74
127.57
127.15
125.78
105.21
65.76
56.70
42.26
57.66
50.88
---------------------------------------------------


shift---------------------------------------------------
JMC_35C_XQM/88C.png
170.83
167.64
162.51
157.54
156.11
152.62
152.16
145.16
157.21
150.33
150.10
128.50
127.65
127.25
126.96
119.96
105.60
105.23
65.16
56.52
41.58
57.58
50.15
---------------------------------------------------


shift---------------------------------------------------
JMC_35C_XQM/89C.png
169.50
167.69
156.08
152.05
144.85
159.08
157.15
156.64
150.21
129.87
128.55
127.72
125.76
125.58
119.91
119.80
110.45
107.79
105.55
105.16
65.25
56.56
41.71
58.59
57.84
51.85
30.20
---------------------------------------------------


shift---------------------------------------------------
JMC_35C_XQM/90C.png
167.86
156.17
152.09
144.94
142.02
137.25
135.03
150.61
129.74
128.45
127.83
127.54
120.08
105.50
65.50
56.61
41.87
57.92
34.28
50.25
---------------------------------------------------


shift---------------------------------------------------
JMC_35C_XQM/91C.png
167.60
166.94
156.08
152.18
145.98
144.18
159.90
157.15
130.20
129.98
128.55
127.75
127.65
119.75
109.57
105.47
105.39
68.58
66.01
65.26
58.00
45.70
41.80
37.90
50.57
28.91
16.27
15.20
---------------------------------------------------


shift---------------------------------------------------
JMC_35C_XQM/92C.png
169.23
169.06
156.78
155.98
146.70
145.50
159.56
136.75
129.62
129.44
128.61
128.17
127.95
120.70
109.94
106.07
105.89
77.56
66.68
66.55
55.21
55.51
46.66
41.51
57.54
50.58
25.82
16.51
15.28
---------------------------------------------------


shift---------------------------------------------------
JMC_35C_XQM/93C.png
172.34
168.14
162.54
145.85
141.86
140.87
128.57
128.36
126.08
125.14
111.63
105.46
56.01
46.41
56.68
50.50
25.74
10.72
---------------------------------------------------


shift---------------------------------------------------
JMC_35C_XQM/94C.png
169.86
166.72
156.70
154.57
151.50
151.16
144.19
129.15
126.22
125.95
119.02
104.64
104.21
76.53
55.28
42.54
27.22
26.09
25.43
---------------------------------------------------


shift---------------------------------------------------
JMC_35C_XQM/95C.png
168.70
168.58
162.55
156.20
148.64
144.04
137.25
128.37
128.05
127.90
127.81
124.80
125.46
108.72
105.01
101.94
68.67
65.54
65.50
58.01
41.36
40.15
59.94
59.75
39.52
59.51
59.10
58.89
37.45
31.13
29.05
---------------------------------------------------


shift---------------------------------------------------
JMC_35C_XQM/96C.png
168.92
166.57
159.70
156.06
151.55
145.66
137.25
128.28
127.62
127.12
126.84
125.47
111.14
102.33
68.72
65.27
65.10
58.00
40.97
57.68
31.27
29.12
---------------------------------------------------


shift---------------------------------------------------
JMC_35C_XQM/97C.png
176.58
171.78
158.71
155.73
147.59
158.31
150.75
129.56
129.13
128.99
122.88
107.75
105.80
75.06
67.52
57.71
56.67
45.27
41.74
38.93
51.60
50.76
25.90
---------------------------------------------------


shift---------------------------------------------------
JMC_35C_XQM/98C.png
167.52
156.12
152.65
144.09
137.17
130.08
128.51
127.71
127.64
127.01
105.41
65.66
65.18
65.27
55.25
51.11
42.94
57.68
50.52
22.91
---------------------------------------------------


shift---------------------------------------------------
JMC_35C_XQM/99C.png
167.62
166.93
155.55
152.14
145.02
144.89
159.91
130.11
150.02
119.84
109.52
105.42
105.23
77.52
56.42
45.68
41.84
57.58
30.30
28.22
16.27
13.27
---------------------------------------------------


shift---------------------------------------------------
JMC_35C_XQM/100C.png
167.81
167.10
156.11
152.49
145.11
139.82
137.16
131.35
129.22
128.90
128.34
127.77
127.67
122.50
111.94
109.52
108.85
65.26
45.73
57.92
28.54
16.26
15.20
---------------------------------------------------


shift---------------------------------------------------
JMC_35C_XQM/101C.png
167.64
166.93
156.07
152.16
145.08
144.90
159.89
157.17
150.13
150.01
128.54
127.76
127.69
119.85
109.38
105.40
105.11
65.25
56.29
45.68
41.75
57.81
50.15
16.26
15.19
---------------------------------------------------


shift---------------------------------------------------
JMC_35C_XQM/102C.png
167.82
166.02
152.66
145.06
144.91
159.94
152.41
129.52
120.62
108.87
106.24
104.60
56.26
45.55
41.40
58.19
52.84
16.24
15.25
---------------------------------------------------


shift---------------------------------------------------
JMC_35C_XQM/103C.png
172.81
170.27
156.42
145.04
156.15
127.45
127.27
127.00
126.82
126.62
101.95
65.52
54.40
52.91
47.45
47.24
47.05
46.81
46.60
46.59
46.18
41.69
40.79
56.47
29.40
25.75
24.63
---------------------------------------------------


