
shift---------------------------------------------------
examples-input/0C.png
168.80
161.55
138.67
134.39
133.82
133.28
132.78
130.12
128.78
128.35
127.94
124.81
77.37
77.16
76.95
75.14
61.84
21.51
14.10
---------------------------------------------------


shift---------------------------------------------------
examples-input/1C.png
170.54
168.82
138.64
133.70
133.02
130.08
128.73
128.63
128.28
125.77
124.78
123.22
77.37
77.16
76.95
75.03
61.78
35.50
21.45
14.05
---------------------------------------------------


shift---------------------------------------------------
examples-input/2C.png
168.93
166.04
133.68
133.59
133.22
131.53
130.10
129.42
128.86
128.58
128.37
127.88
127.55
126.90
126.67
124.84
77.48
77.16
76.84
75.31
61.95
14.15
---------------------------------------------------


shift---------------------------------------------------
examples-input/3C.png
168.05
165.76
135.82
133.67
130.15
129.13
128.58
127.81
127.21
127.11
77.37
77.16
76.95
70.91
62.20
14.12
---------------------------------------------------


shift---------------------------------------------------
examples-input/4C.png
169.10
165.63
133.85
133.35
129.76
129.17
129.07
128.74
128.33
127.51
77.48
77.16
76.84
74.75
52.39
---------------------------------------------------


shift---------------------------------------------------
examples-input/5C.png
169.01
166.22
150.34
140.42
139.87
133.61
130.05
129.39
129.31
128.80
128.64
128.62
127.08
126.52
122.02
118.37
77.37
77.16
76.95
72.37
33.00
31.66
21.39
---------------------------------------------------


shift---------------------------------------------------
examples-input/6C.png
166.15
164.34
151.05
147.72
134.49
133.77
131.79
131.29
129.83
127.95
127.84
126.96
126.20
123.83
120.57
118.54
77.37
77.16
76.95
61.85
---------------------------------------------------


shift---------------------------------------------------
examples-input/7C.png
165.30
155.66
137.68
134.13
132.13
130.44
128.88
128.75
128.47
128.27
128.22
116.59
77.37
77.16
76.95
63.25
44.61
---------------------------------------------------


shift---------------------------------------------------
examples-input/8C.png
168.94
166.41
153.06
133.58
133.02
130.04
129.69
129.24
129.17
128.90
128.52
77.37
77.16
76.95
73.97
62.67
42.60
---------------------------------------------------


shift---------------------------------------------------
examples-input/9C.png
164.70
143.79
140.01
136.13
133.82
131.99
130.16
129.54
128.74
128.72
128.50
128.44
127.68
119.46
77.37
77.16
76.95
36.73
21.46
---------------------------------------------------


shift---------------------------------------------------
examples-input/10C.png
163.48
152.77
134.29
134.07
130.49
128.86
128.53
127.46
125.80
91.54
77.48
77.16
76.84
65.56
14.50
---------------------------------------------------


shift---------------------------------------------------
examples-input/11C.png
168.89
165.99
134.21
133.54
130.06
129.42
129.31
128.92
128.54
127.72
77.37
77.16
76.95
75.10
61.84
14.11
---------------------------------------------------


shift---------------------------------------------------
examples-input/12C.png
168.40
164.16
150.95
134.82
133.57
131.21
129.68
129.10
127.83
123.74
77.37
77.16
76.95
75.79
62.15
14.12
---------------------------------------------------


shift---------------------------------------------------
examples-input/13C.png
168.76
165.17
140.11
134.03
131.48
129.46
129.01
128.97
127.92
127.78
77.37
77.16
76.95
75.29
61.97
14.15
---------------------------------------------------


shift---------------------------------------------------
examples-input/14C.png
169.11
165.73
163.88
134.38
132.20
129.26
128.91
127.73
121.75
113.82
77.48
77.16
76.84
74.88
61.82
55.59
14.15
---------------------------------------------------


shift---------------------------------------------------
examples-input/15C.png
168.16
164.54
148.09
133.07
132.99
132.27
130.20
129.46
128.85
127.66
126.52
123.93
77.37
77.16
76.95
76.03
61.98
13.95
---------------------------------------------------


shift---------------------------------------------------
examples-input/16C.png
169.10
166.97
140.80
134.21
132.58
131.82
131.15
129.30
128.93
128.82
127.81
125.93
77.48
77.16
76.84
75.12
61.90
21.87
14.17
---------------------------------------------------


shift---------------------------------------------------
examples-input/17C.png
169.43
168.93
139.94
136.19
133.88
129.62
129.26
128.85
128.67
127.81
77.48
77.16
76.84
75.25
61.68
21.25
20.08
14.14
---------------------------------------------------


shift---------------------------------------------------
examples-input/18C.png
169.08
166.88
134.14
133.96
133.87
131.52
130.90
129.31
128.94
128.64
128.04
127.77
126.40
126.28
125.82
124.61
77.48
77.16
76.84
75.25
61.92
14.15
---------------------------------------------------


shift---------------------------------------------------
examples-input/19C.png
168.95
166.17
135.85
134.23
132.51
131.75
129.54
129.36
128.97
128.58
128.36
127.88
127.81
126.81
126.59
125.41
77.48
77.16
76.84
75.24
61.88
14.13
---------------------------------------------------


shift---------------------------------------------------
examples-input/20C.png
169.27
160.35
134.49
130.32
129.12
128.83
127.65
121.64
119.27
108.29
77.48
77.16
76.84
74.16
61.72
36.96
14.13
---------------------------------------------------


shift---------------------------------------------------
examples-input/21C.png
168.65
157.92
147.09
143.95
133.83
129.42
128.96
127.80
119.30
112.13
77.48
77.16
76.84
74.83
62.00
14.13
---------------------------------------------------


shift---------------------------------------------------
examples-input/22C.png
168.73
161.54
134.47
133.96
133.34
132.73
129.34
128.92
127.99
127.69
77.48
77.16
76.84
75.09
61.92
14.13
---------------------------------------------------


shift---------------------------------------------------
examples-input/23C.png
169.74
168.54
147.40
140.81
133.47
130.56
129.56
129.00
127.72
123.91
77.48
77.16
76.84
75.35
62.05
40.67
14.10
---------------------------------------------------


shift---------------------------------------------------
examples-input/24C.png
170.58
168.76
133.82
132.99
129.33
128.88
128.64
127.67
125.85
123.27
77.48
77.16
76.84
75.01
61.87
35.54
14.07
---------------------------------------------------


shift---------------------------------------------------
examples-input/25C.png
176.58
169.05
134.25
129.21
128.86
127.64
77.37
77.16
76.95
74.46
61.76
33.94
19.10
18.85
14.12
---------------------------------------------------


shift---------------------------------------------------
examples-input/26C.png
174.33
169.03
134.18
129.24
128.87
127.70
77.37
77.16
76.95
74.60
61.76
14.11
12.95
9.13
9.06
---------------------------------------------------


shift---------------------------------------------------
examples-input/27C.png
173.89
168.82
133.97
129.30
128.88
127.62
77.37
77.16
76.95
74.58
67.09
66.99
61.83
39.91
28.71
28.49
14.09
---------------------------------------------------


shift---------------------------------------------------
examples-input/28C.png
173.33
168.64
143.67
133.74
133.29
129.78
129.37
128.90
127.79
127.58
77.37
77.16
76.95
74.69
61.86
45.35
45.28
39.82
27.53
27.33
21.64
14.07
---------------------------------------------------


shift---------------------------------------------------
examples-input/29C.png
168.07
167.38
166.94
134.38
133.38
132.11
129.53
128.94
127.72
123.77
77.37
77.16
76.95
75.69
62.06
38.87
14.06
---------------------------------------------------

