integral---------------------------------------------------
JMC_11H_XQM/84H.png
( 0.98, 8.01456, 7.9466 )
( 0.98, 7.75243, 7.70874 )
( 1.05, 7.67476, 7.63592 )
( 0.97, 7.63592, 7.59223 )
( 1.20, 7.41748, 7.36408 )
( 0.84, 7.36408, 7.30583 )
( 2.00, 4.35922, 4.26214 )
( 6.31, 4.00971, 3.93689 )
( 2.12, 1.8301, 1.72816 )
( 2.96, 0.932039, 0.873786 )
---------------------------------------------------

integral---------------------------------------------------
JMC_11H_XQM/85H.png
( 0.87, 8.03883, 7.96602 )
( 0.98, 7.96602, 7.8835 )
( 0.95, 7.70874, 7.63592 )
( 1.04, 7.42233, 7.3835 )
( 0.78, 7.3835, 7.32039 )
( 0.90, 6.70874, 6.64563 )
( 1.83, 4.66019, 4.56796 )
( 1.86, 4.42233, 4.30097 )
( 2.96, 4.03398, 3.9466 )
( 2.89, 3.58252, 3.52427 )
( 1.89, 3.16505, 3.0534 )
( 2.05, 2.49515, 2.44175 )
( 1.99, 2.3835, 2.28155 )
( 2.96, 2.21845, 2.12136 )
( 1.98, 1.94175, 1.81553 )
( 5.00, 1.40291, 1.30583 )
---------------------------------------------------

integral---------------------------------------------------
JMC_11H_XQM/86H.png
( 0.74, 8.1068, 7.99029 )
( 1.06, 7.97573, 7.86893 )
( 1.01, 7.73301, 7.63592 )
( 1.12, 7.47573, 7.40291 )
( 0.70, 7.40291, 7.32524 )
( 1.04, 6.77184, 6.65534 )
( 2.02, 4.66019, 4.53883 )
( 1.94, 4.41748, 4.30097 )
( 2.92, 4.04369, 3.9466 )
( 1.84, 3.15049, 3.06796 )
( 1.71, 2.43204, 2.37379 )
( 1.78, 2.3301, 2.26214 )
( 2.92, 2.21845, 2.13592 )
( 1.90, 1.93689, 1.83495 )
( 5.00, 1.41262, 1.29126 )
---------------------------------------------------

integral---------------------------------------------------
JMC_11H_XQM/87H.png
( 0.90, 7.99515, 7.83981 )
( 0.92, 7.73786, 7.68932 )
( 0.87, 7.3932, 7.36893 )
( 0.87, 7.3301, 7.29126 )
( 0.80, 7.29126, 7.18932 )
( 0.89, 6.85437, 6.67961 )
( 1.86, 4.36408, 4.28155 )
( 2.84, 4.28155, 4.17961 )
( 2.86, 4.02913, 3.92233 )
( 1.91, 1.85437, 1.67961 )
( 5.00, 1.01456, 0.776699 )
---------------------------------------------------

integral---------------------------------------------------
JMC_11H_XQM/88H.png
( 0.83, 9.4466, 9.30097 )
( 1.00, 8.41262, 8.32039 )
( 0.94, 8.08252, 7.99029 )
( 0.95, 7.93689, 7.82039 )
( 1.04, 7.82039, 7.70388 )
( 1.10, 7.48544, 7.39806 )
( 0.84, 7.39806, 7.30583 )
( 1.93, 4.43204, 4.2767 )
( 3.05, 4.0534, 3.93204 )
( 2.02, 1.87864, 1.69903 )
( 5.00, 0.946602, 0.781553 )
---------------------------------------------------

integral---------------------------------------------------
JMC_11H_XQM/89H.png
( 0.99, 8.72816, 8.59709 )
( 0.94, 8.47087, 8.33981 )
( 0.95, 7.93689, 7.86893 )
( 1.77, 7.86893, 7.73786 )
( 0.94, 7.50485, 7.37864 )
( 0.98, 7.26699, 7.17476 )
( 0.80, 7.17476, 7.05825 )
( 1.92, 4.46117, 4.24757 )
( 2.91, 4.01456, 3.84951 )
( 2.02, 1.86408, 1.66505 )
( 3.00, 0.941748, 0.76699 )
---------------------------------------------------

integral---------------------------------------------------
JMC_11H_XQM/90H.png
( 0.96, 8.62621, 8.53398 )
( 0.96, 8.41748, 8.32524 )
( 0.97, 8.23301, 8.14563 )
( 0.99, 8.00485, 7.91748 )
( 0.95, 7.91748, 7.82039 )
( 1.74, 7.7233, 7.59223 )
( 0.96, 7.59223, 7.5 )
( 0.99, 7.22816, 7.13592 )
( 0.80, 7.13592, 6.96117 )
( 1.87, 4.5, 4.33495 )
( 2.88, 4.00485, 3.86893 )
( 2.00, 1.85922, 1.64078 )
( 5.00, 0.917476, 0.776699 )
---------------------------------------------------

integral---------------------------------------------------
JMC_11H_XQM/91H.png
( 0.99, 7.87864, 7.73301 )
( 0.97, 7.4466, 7.26699 )
( 0.96, 6.68932, 6.58252 )
( 2.01, 4.70874, 4.51456 )
( 1.97, 4.33981, 4.20388 )
( 5.05, 4.03883, 3.92718 )
( 5.01, 3.91748, 3.78641 )
( 2.96, 2.24272, 2.11165 )
( 1.97, 1.83495, 1.68932 )
( 2.96, 1.40291, 1.29612 )
( 3.00, 0.941748, 0.825243 )
---------------------------------------------------

integral---------------------------------------------------
JMC_11H_XQM/92H.png
( 2.02, 7.18932, 7.1165 )
( 1.00, 6.92233, 6.85437 )
( 0.97, 6.65049, 6.57767 )
( 1.98, 4.67476, 4.58252 )
( 1.92, 4.33981, 4.26699 )
( 3.06, 3.97573, 3.89806 )
( 5.00, 2.19903, 2.14078 )
( 2.05, 1.82524, 1.71359 )
( 5.05, 1.38835, 1.31068 )
( 3.00, 0.932039, 0.864078 )
---------------------------------------------------

integral---------------------------------------------------
JMC_11H_XQM/93H.png
( 0.97, 8.09709, 7.96117 )
( 1.02, 7.73301, 7.63107 )
( 2.15, 7.43689, 7.37864 )
( 6.91, 7.37864, 7.2233 )
( 0.93, 6.90777, 6.84466 )
( 1.95, 5.03398, 4.96602 )
( 2.97, 4.25728, 4.1699 )
( 5.11, 4.01456, 3.8932 )
( 1.99, 3.15049, 3.03883 )
( 2.00, 1.97087, 1.86408 )
---------------------------------------------------

integral---------------------------------------------------
JMC_11H_XQM/94H.png
( 0.85, 8.03883, 7.96117 )
( 0.97, 7.90291, 7.82039 )
( 0.95, 7.71359, 7.64078 )
( 0.99, 7.41262, 7.38835 )
( 0.72, 7.38835, 7.34466 )
( 0.93, 6.68932, 6.64078 )
( 1.96, 6.49515, 6.43689 )
( 1.86, 4.68447, 4.54369 )
( 1.84, 4.40777, 4.29126 )
( 2.95, 4.04369, 3.93204 )
( 6.01, 3.74757, 3.66505 )
( 2.96, 3.6068, 3.53883 )
( 1.88, 3.18932, 3.05825 )
( 1.92, 2.78155, 2.6699 )
( 1.92, 2.39806, 2.28155 )
( 2.87, 2.16505, 2.07282 )
( 1.95, 1.93689, 1.80097 )
( 3.00, 1.39806, 1.31068 )
---------------------------------------------------


shift--------------------------------------------------
JMC_11H_XQM/84H.png
7.98
7.72
7.64
7.61
7.38
7.53
4.32
4.51
4.29
5.98
5.97
1.82
1.80
1.78
1.77
1.75
1.73
0.92
0.90
0.88
---------------------------------------------------


shift--------------------------------------------------
JMC_11H_XQM/85H.png
8.00
7.93
7.91
7.90
7.67
7.59
7.55
6.67
4.63
4.62
4.60
4.58
4.37
4.55
4.54
5.99
3.55
5.13
5.11
5.10
5.98
2.49
2.47
2.45
2.55
2.33
2.51
2.17
1.91
1.90
1.88
1.86
1.84
1.37
1.55
1.55
---------------------------------------------------


shift--------------------------------------------------
JMC_11H_XQM/86H.png
8.05
7.93
7.92
7.90
7.68
7.41
7.36
6.71
4.63
4.61
4.59
4.58
4.38
4.56
4.55
5.99
5.15
5.11
5.10
5.08
2.41
2.40
2.38
2.51
2.29
2.27
2.18
1.91
1.90
1.88
1.86
1.84
1.57
1.55
1.34
---------------------------------------------------


shift--------------------------------------------------
JMC_11H_XQM/87H.png
7.89
7.71
7.38
7.37
7.50
7.24
6.77
4.33
4.31
4.29
4.22
5.97
1.80
1.79
1.77
1.75
1.73
1.71
0.90
0.88
---------------------------------------------------


shift--------------------------------------------------
JMC_11H_XQM/88H.png
9.36
8.37
8.35
8.05
7.86
7.77
7.41
7.56
4.35
4.00
1.79
1.77
0.86
---------------------------------------------------


shift--------------------------------------------------
JMC_11H_XQM/89H.png
8.65
8.64
8.41
8.59
7.90
7.88
7.86
7.85
7.44
7.43
7.41
7.19
7.13
4.58
4.56
4.55
5.94
1.80
1.78
1.74
1.73
1.71
0.87
0.86
0.84
---------------------------------------------------


shift--------------------------------------------------
JMC_11H_XQM/90H.png
8.58
8.56
8.36
8.54
8.19
8.17
7.95
7.93
7.88
7.66
7.64
7.62
7.60
7.57
7.55
7.53
7.16
7.04
4.43
4.41
4.40
5.93
1.81
1.79
1.77
1.75
1.74
1.72
0.87
0.85
0.83
---------------------------------------------------


shift--------------------------------------------------
JMC_11H_XQM/91H.png
7.78
7.56
6.62
4.63
4.62
4.60
4.58
4.29
4.27
4.25
5.97
5.85
1.79
1.78
1.76
1.74
1.72
1.71
1.37
1.55
1.55
0.90
0.89
0.87
---------------------------------------------------


shift--------------------------------------------------
JMC_11H_XQM/92H.png
7.18
7.17
7.16
7.16
7.15
7.14
7.12
6.90
6.89
6.88
6.87
6.61
4.65
4.65
4.61
4.59
4.52
4.50
4.28
5.93
2.17
1.81
1.79
1.78
1.76
1.74
1.72
1.37
1.55
1.55
0.92
0.90
0.88
---------------------------------------------------


shift--------------------------------------------------
JMC_11H_XQM/93H.png
8.03
7.68
7.39
7.34
7.34
7.32
7.30
7.28
7.26
6.88
5.00
4.39
4.37
4.36
4.21
3.96
3.11
3.10
3.08
3.06
1.94
1.93
1.91
1.99
1.88
---------------------------------------------------


shift--------------------------------------------------
JMC_11H_XQM/94H.png
8.00
7.87
7.85
7.84
7.67
7.59
7.36
6.66
6.46
4.63
4.62
4.60
4.58
4.36
4.35
4.55
5.98
5.70
5.57
5.15
5.15
5.11
5.10
2.73
2.72
2.70
2.35
2.53
2.51
2.12
1.90
1.89
1.87
1.85
1.84
1.57
1.55
1.55
---------------------------------------------------


