integral---------------------------------------------------
BC_9H_LTQ_S1P1/95H.png
( 1.87, 8.26699, 8.15049 )
( 0.93, 8, 7.90291 )
( 0.96, 7.66019, 7.57282 )
( 2.82, 7.5534, 7.45631 )
( 1.02, 7.34466, 7.24757 )
( 5.61, 7.24757, 7.15049 )
( 2.00, 3.6699, 3.46117 )
( 1.98, 2.82524, 2.71359 )
( 1.07, 2.28155, 2.16505 )
( 2.01, 2.12136, 1.99515 )
( 2.10, 1.86893, 1.7233 )
( 2.16, 1.6699, 1.50485 )
---------------------------------------------------

integral---------------------------------------------------
BC_9H_LTQ_S1P1/96H.png
( 1.94, 9.89806, 9.26699 )
( 2.01, 8.29126, 8.16505 )
( 1.00, 8.11165, 8.04854 )
( 1.03, 7.97087, 7.91262 )
( 1.07, 7.76214, 7.69903 )
( 2.02, 7.55825, 7.46602 )
( 1.01, 7.33981, 7.25243 )
( 4.01, 7.25243, 7.08738 )
( 2.20, 4.38835, 4.20388 )
( 1.12, 4.13107, 4.00971 )
( 3.30, 1.6165, 1.48544 )
---------------------------------------------------

integral---------------------------------------------------
BC_9H_LTQ_S1P1/97H.png
( 1.62, 9.81068, 8.90777 )
( 2.02, 8.24757, 8.12621 )
( 1.00, 8.1068, 8.04854 )
( 1.03, 7.97087, 7.92233 )
( 1.07, 7.76214, 7.69417 )
( 2.02, 7.54854, 7.45631 )
( 0.98, 7.3301, 7.25728 )
( 4.02, 7.25728, 7.15534 )
( 2.21, 4.34466, 4.23786 )
( 2.27, 3.20874, 3.09709 )
( 2.22, 2.79126, 2.69903 )
---------------------------------------------------

integral---------------------------------------------------
BC_9H_LTQ_S1P1/98H.png
( 1.71, 8.21845, 8.16019 )
( 1.88, 8.1068, 8.01942 )
( 1.00, 7.84466, 7.77184 )
( 1.87, 7.53398, 7.45146 )
( 0.87, 7.31553, 7.26699 )
( 3.72, 7.24272, 7.15049 )
( 2.09, 4.58252, 4.3932 )
( 5.28, 3.51456, 3.24272 )
( 2.18, 2.3932, 2.06311 )
---------------------------------------------------

integral---------------------------------------------------
BC_9H_LTQ_S1P1/99H.png
( 1.99, 8.25728, 8.15534 )
( 1.00, 8.08252, 7.99515 )
( 1.02, 7.86893, 7.78155 )
( 1.06, 7.70388, 7.61165 )
( 1.98, 7.5534, 7.45631 )
( 1.00, 7.35437, 7.25243 )
( 5.94, 7.25243, 7.1165 )
( 1.05, 4.42233, 4.29126 )
( 1.04, 4.21845, 4.07282 )
( 0.87, 4.00971, 3.8835 )
( 1.21, 3.35437, 3.24757 )
( 1.10, 3.03883, 2.85437 )
( 1.11, 2.3932, 2.27184 )
( 2.19, 2.03883, 1.90291 )
( 1.17, 1.90291, 1.76214 )
---------------------------------------------------

integral---------------------------------------------------
BC_9H_LTQ_S1P1/100H.png
( 1.97, 8.26214, 8.16019 )
( 1.00, 8.07767, 7.98544 )
( 1.01, 7.83981, 7.76214 )
( 1.05, 7.66505, 7.57767 )
( 1.96, 7.55825, 7.45146 )
( 1.00, 7.34466, 7.25728 )
( 3.89, 7.25728, 7.15049 )
( 2.09, 4.1699, 4.02427 )
( 2.25, 3.76699, 3.58252 )
( 5.18, 2.61165, 2.52427 )
---------------------------------------------------

integral---------------------------------------------------
BC_9H_LTQ_S1P1/101H.png
( 2.00, 8.27184, 8.16019 )
( 1.00, 8.10194, 8.01942 )
( 1.05, 7.97573, 7.89806 )
( 1.08, 7.7767, 7.6699 )
( 2.01, 7.57767, 7.45146 )
( 1.05, 7.34466, 7.25728 )
( 5.89, 7.25728, 7.14563 )
( 2.09, 4.58252, 4.43204 )
( 4.25, 4.29126, 4.13107 )
( 1.10, 3.7233, 3.57282 )
---------------------------------------------------

integral---------------------------------------------------
BC_9H_LTQ_S1P1/102H.png
( 2.05, 8.24757, 8.15049 )
( 1.00, 7.9466, 7.87864 )
( 0.97, 7.62136, 7.57282 )
( 2.00, 7.54369, 7.46602 )
( 1.06, 7.46602, 7.40777 )
( 1.09, 7.33981, 7.24272 )
( 3.87, 7.24272, 7.14563 )
( 2.16, 2.97573, 2.87864 )
( 2.11, 2.67961, 2.59223 )
---------------------------------------------------

integral---------------------------------------------------
BC_9H_LTQ_S1P1/103H.png
( 1.92, 9.90777, 9.54369 )
( 1.94, 8.25728, 8.16505 )
( 1.00, 8.12621, 8.06311 )
( 1.01, 7.96602, 7.90291 )
( 1.04, 7.77184, 7.69903 )
( 1.99, 7.56311, 7.46117 )
( 1.11, 7.34466, 7.25728 )
( 3.80, 7.25728, 7.14563 )
( 2.11, 4.31068, 4.16505 )
( 5.92, 1.68932, 1.50971 )
---------------------------------------------------


shift--------------------------------------------------
BC_9H_LTQ_S1P1/95H.png
8.20
8.18
7.96
7.94
7.60
7.51
7.50
7.48
7.50
7.28
7.26
7.21
7.20
7.19
7.18
5.55
2.77
2.75
2.22
2.08
2.05
2.02
1.81
1.78
1.62
1.59
1.56
---------------------------------------------------


shift--------------------------------------------------
BC_9H_LTQ_S1P1/96H.png
9.78
8.21
8.19
8.08
8.06
7.93
7.73
7.71
7.52
7.50
7.48
7.31
7.29
7.27
7.22
7.20
7.18
4.34
4.31
4.27
4.24
4.08
4.07
4.05
4.03
1.55
1.53
---------------------------------------------------


shift--------------------------------------------------
BC_9H_LTQ_S1P1/97H.png
9.32
8.21
8.19
8.08
8.06
7.94
7.73
7.71
7.52
7.50
7.48
7.31
7.29
7.27
7.22
7.20
7.18
4.29
3.17
3.16
3.14
2.76
2.74
2.72
---------------------------------------------------


shift--------------------------------------------------
BC_9H_LTQ_S1P1/98H.png
8.21
8.19
8.97
8.05
8.05
7.81
7.79
7.52
7.50
7.48
7.30
7.29
7.27
7.22
7.20
7.18
4.47
5.54
2.55
2.28
2.16
2.08
---------------------------------------------------


shift--------------------------------------------------
BC_9H_LTQ_S1P1/99H.png
8.21
8.18
8.04
8.02
7.82
7.66
7.64
7.52
7.50
7.48
7.51
7.29
7.27
7.21
7.20
7.19
7.18
4.57
4.54
4.15
4.12
5.94
5.50
2.95
2.55
2.55
2.50
2.01
1.99
1.98
1.96
1.95
1.94
1.92
1.85
1.85
1.82
---------------------------------------------------


shift--------------------------------------------------
BC_9H_LTQ_S1P1/100H.png
8.21
8.19
8.05
8.01
7.79
7.62
7.60
7.52
7.50
7.48
7.51
7.29
7.27
7.22
7.20
7.18
4.09
5.67
2.54
---------------------------------------------------


shift--------------------------------------------------
BC_9H_LTQ_S1P1/101H.png
8.20
8.18
8.06
8.04
7.92
7.72
7.70
7.52
7.50
7.48
7.30
7.29
7.27
7.21
7.20
7.18
4.49
4.21
4.19
5.68
5.64
5.62
---------------------------------------------------


shift--------------------------------------------------
BC_9H_LTQ_S1P1/102H.png
8.19
8.17
7.91
7.89
7.59
7.51
7.49
7.47
7.44
7.42
7.50
7.28
7.26
7.21
7.20
7.18
7.18
2.94
2.92
2.90
2.65
2.65
2.61
---------------------------------------------------


shift--------------------------------------------------
BC_9H_LTQ_S1P1/103H.png
9.74
8.21
8.19
8.10
8.08
7.95
7.73
7.71
7.52
7.50
7.48
7.31
7.29
7.27
7.22
7.20
7.18
4.25
1.61
---------------------------------------------------


