integral---------------------------------------------------
OL_27H/35H.png
( 0.94, 8.30093, 8.1713 )
( 0.95, 7.38889, 7.33796 )
( 6.75, 7.33796, 7.2037 )
( 1.01, 5.99074, 5.875 )
( 0.98, 5.6713, 5.56944 )
---------------------------------------------------

integral---------------------------------------------------
OL_27H/36H.png
( 1.14, 8.34071, 7.91593 )
( 6.25, 7.36726, 7.23009 )
( 1.03, 7.15487, 7.04867 )
( 1.00, 5.9646, 5.9115 )
( 1.00, 5.67257, 5.61504 )
( 3.00, 2.37168, 2.30531 )
---------------------------------------------------

integral---------------------------------------------------
OL_27H/37H.png
( 1.00, 8.33182, 8.19091 )
( 1.12, 7.44545, 7.36818 )
( 4.08, 7.35, 7.19545 )
( 2.00, 7.11364, 6.92727 )
( 1.00, 5.92727, 5.82273 )
( 0.99, 5.65909, 5.53636 )
---------------------------------------------------

integral---------------------------------------------------
OL_27H/38H.png
( 1.03, 8.40991, 7.9955 )
( 0.94, 7.40541, 7.34234 )
( 2.10, 7.31532, 7.23874 )
( 0.88, 7.23874, 7.21171 )
( 0.96, 7.21171, 7.18919 )
( 1.94, 6.97297, 6.66667 )
( 1.00, 6.01351, 5.75676 )
( 1.00, 5.66667, 5.42793 )
( 2.93, 3.89189, 3.61261 )
---------------------------------------------------

integral---------------------------------------------------
OL_27H/39H.png
( 0.93, 8.26106, 8.08407 )
( 1.90, 7.62389, 7.53097 )
( 0.92, 7.45133, 7.4115 )
( 1.87, 7.39823, 7.35398 )
( 1.90, 7.35398, 7.26991 )
( 1.00, 6.0708, 5.90265 )
( 0.99, 5.80973, 5.67257 )
---------------------------------------------------

integral---------------------------------------------------
OL_27H/40H.png
( 0.97, 8.35135, 8.16667 )
( 1.92, 7.86036, 7.77477 )
( 0.94, 7.77477, 7.71622 )
( 0.94, 7.66667, 7.60811 )
( 1.02, 7.52703, 7.46847 )
( 2.75, 7.46847, 7.4009 )
( 1.91, 7.35135, 7.26577 )
( 1.00, 6.21622, 6.0045 )
( 1.01, 5.87838, 5.68018 )
---------------------------------------------------

integral---------------------------------------------------
OL_27H/41H.png
( 1.00, 7.7686, 7.61157 )
( 1.10, 7.42149, 7.35124 )
( 2.95, 7.35124, 7.28099 )
( 2.09, 7.28099, 7.22314 )
( 0.99, 7.19008, 7.07851 )
( 1.00, 5.93388, 5.81818 )
( 1.01, 5.70661, 5.59917 )
---------------------------------------------------

integral---------------------------------------------------
OL_27H/42H.png
( 1.03, 8.65888, 8.48131 )
( 2.12, 8.33645, 8.06542 )
( 2.17, 7.73364, 7.59813 )
( 5.15, 7.59813, 7.42991 )
( 3.12, 7.42991, 7.28972 )
( 1.25, 7.2757, 7.18692 )
( 0.98, 4.80374, 4.71495 )
( 1.00, 4.71495, 4.6215 )
---------------------------------------------------

integral---------------------------------------------------
OL_27H/43H.png
( 0.95, 8.46262, 8.37383 )
( 1.98, 8.25701, 8.08411 )
( 1.15, 7.71495, 7.59813 )
( 2.17, 7.57009, 7.49533 )
( 2.95, 7.49533, 7.43925 )
( 4.07, 7.43925, 7.2757 )
( 1.00, 4.77103, 4.69626 )
( 0.95, 4.67757, 4.60748 )
( 3.21, 2.38318, 2.21963 )
---------------------------------------------------

integral---------------------------------------------------
OL_27H/44H.png
( 0.95, 8.45495, 8.41441 )
( 3.90, 8.41441, 8.27928 )
( 1.16, 7.54054, 7.46847 )
( 6.01, 7.46847, 7.27027 )
( 1.04, 4.82883, 4.64865 )
( 1.00, 4.63063, 4.48649 )
( 3.17, 2.47297, 2.22072 )
---------------------------------------------------

integral---------------------------------------------------
OL_27H/45H.png
( 0.96, 8.47727, 8.36818 )
( 1.94, 8.36818, 8.24091 )
( 1.97, 7.86364, 7.73182 )
( 7.17, 7.62273, 7.29091 )
( 1.00, 4.81364, 4.66818 )
( 1.00, 4.65, 4.50455 )
( 2.97, 2.32273, 2.20909 )
---------------------------------------------------

integral---------------------------------------------------
OL_27H/46H.png
( 0.98, 8.50455, 8.33636 )
( 1.89, 8.08636, 7.97273 )
( 1.99, 7.73636, 7.6 )
( 6.98, 7.55, 7.28636 )
( 1.06, 4.83636, 4.64545 )
( 1.00, 4.63182, 4.50909 )
( 3.29, 2.43182, 2.07273 )
---------------------------------------------------

integral---------------------------------------------------
OL_27H/47H.png
( 0.92, 8.50442, 8.35398 )
( 1.85, 8.31416, 8.09292 )
( 6.58, 7.59292, 7.26549 )
( 1.89, 7.24779, 7.11504 )
( 1.95, 4.90708, 4.24336 )
( 3.00, 2.35841, 2.19027 )
---------------------------------------------------

integral---------------------------------------------------
OL_27H/48H.png
( 0.95, 8.45495, 8.37838 )
( 1.96, 8.10811, 8.01802 )
( 3.02, 7.55405, 7.43243 )
( 5.96, 7.42342, 7.28378 )
( 1.00, 4.76126, 4.68018 )
( 1.00, 4.68018, 4.58108 )
( 3.18, 2.46396, 2.36036 )
( 3.29, 2.34685, 2.2027 )
---------------------------------------------------

integral---------------------------------------------------
OL_27H/49H.png
( 1.03, 8.54717, 8.27358 )
( 1.87, 8.18396, 8.07075 )
( 2.91, 7.51415, 7.41509 )
( 3.92, 7.41509, 7.28302 )
( 1.99, 7.08019, 6.92453 )
( 1.00, 4.78774, 4.68868 )
( 0.99, 4.68868, 4.54717 )
( 2.93, 3.98585, 3.84434 )
( 2.84, 2.35377, 2.29245 )
---------------------------------------------------

integral---------------------------------------------------
OL_27H/50H.png
( 0.97, 8.80275, 8.72018 )
( 0.96, 8.48624, 8.40367 )
( 1.01, 8.23394, 8.12385 )
( 1.01, 8.08716, 8 )
( 2.02, 8, 7.88073 )
( 2.08, 7.7156, 7.55505 )
( 3.01, 7.55505, 7.45872 )
( 2.96, 7.45872, 7.38532 )
( 1.03, 7.38532, 7.31193 )
( 1.00, 4.83945, 4.72936 )
( 1.00, 4.71101, 4.6055 )
( 3.16, 2.33945, 2.26147 )
---------------------------------------------------

integral---------------------------------------------------
OL_27H/51H.png
( 0.94, 8.44144, 8.31081 )
( 1.21, 8, 7.86937 )
( 0.96, 7.68468, 7.63514 )
( 3.18, 7.5, 7.43243 )
( 2.99, 7.41441, 7.34685 )
( 1.33, 7.34685, 7.28829 )
( 1.20, 7.22973, 7.13964 )
( 1.01, 4.76577, 4.64414 )
( 1.00, 4.64414, 4.49099 )
( 2.76, 2.46847, 2.01802 )
---------------------------------------------------

integral---------------------------------------------------
OL_27H/52H.png
( 1.03, 8.69725, 8.53211 )
( 3.92, 8.44495, 8.21101 )
( 1.01, 7.79817, 7.65596 )
( 1.02, 7.52294, 7.44954 )
( 1.95, 7.44954, 7.36239 )
( 1.23, 7.33486, 7.25688 )
( 2.06, 7.19266, 7.03211 )
( 1.02, 4.80734, 4.66055 )
( 1.00, 4.64679, 4.51835 )
---------------------------------------------------

integral---------------------------------------------------
OL_27H/53H.png
( 0.99, 8.65455, 8.55455 )
( 3.84, 8.44091, 8.26818 )
( 1.16, 7.8, 7.70455 )
( 4.05, 7.70455, 7.55455 )
( 1.00, 7.55455, 7.47273 )
( 1.03, 7.33182, 7.25909 )
( 1.05, 4.89545, 4.76364 )
( 1.00, 4.70455, 4.56818 )
---------------------------------------------------

integral---------------------------------------------------
OL_27H/54H.png
( 1.16, 8.75, 8.54545 )
( 4.18, 8.52273, 8.25909 )
( 0.99, 8.02727, 7.93636 )
( 3.35, 7.90909, 7.79545 )
( 1.13, 7.75909, 7.68182 )
( 1.16, 7.60455, 7.54545 )
( 1.97, 7.54545, 7.5 )
( 1.15, 7.48182, 7.42727 )
( 0.91, 7.3, 7.25909 )
( 1.00, 4.97273, 4.83636 )
( 1.21, 4.82273, 4.62273 )
---------------------------------------------------

integral---------------------------------------------------
OL_27H/55H.png
( 0.94, 8.47826, 8.4087 )
( 3.68, 8.4087, 8.3087 )
( 2.85, 7.55652, 7.43478 )
( 3.81, 7.43478, 7.27391 )
( 1.00, 5.55652, 5.11739 )
( 0.97, 5.03478, 4.83478 )
( 3.08, 2.43913, 2.2087 )
---------------------------------------------------

integral---------------------------------------------------
OL_27H/56H.png
( 0.91, 8.44091, 8.36818 )
( 1.91, 8.25, 8.09545 )
( 1.96, 7.58636, 7.48182 )
( 1.01, 7.48182, 7.39545 )
( 2.92, 7.39545, 7.30909 )
( 1.22, 7.30909, 7.25455 )
( 1.92, 7.1, 6.92273 )
( 1.00, 5.44091, 5.19091 )
( 1.00, 5.01818, 4.78636 )
( 3.01, 4.04091, 3.53182 )
( 3.22, 2.51364, 2.06364 )
---------------------------------------------------

integral---------------------------------------------------
OL_27H/57H.png
( 0.95, 8.83036, 8.71875 )
( 0.95, 8.50893, 8.36607 )
( 0.98, 8.27232, 8.14286 )
( 0.99, 8.09821, 8 )
( 1.94, 8, 7.88393 )
( 3.81, 7.67411, 7.53571 )
( 3.94, 7.50446, 7.35714 )
( 1.04, 7.33929, 7.27679 )
( 0.99, 5.46875, 5.24554 )
( 1.00, 5.09821, 4.875 )
( 3.22, 2.40625, 2.1875 )
---------------------------------------------------

integral---------------------------------------------------
OL_27H/58H.png
( 0.91, 8.46396, 8.34685 )
( 0.89, 7.97748, 7.89189 )
( 0.88, 7.66667, 7.6036 )
( 1.81, 7.55856, 7.48198 )
( 0.99, 7.48198, 7.42342 )
( 2.81, 7.41441, 7.31532 )
( 1.22, 7.3018, 7.25676 )
( 0.94, 7.19369, 7.12162 )
( 0.99, 5.38739, 5.13063 )
( 1.00, 5.06306, 4.73423 )
( 3.02, 2.6036, 2.12162 )
---------------------------------------------------

integral---------------------------------------------------
OL_27H/59H.png
( 0.96, 8.52212, 8.4115 )
( 1.18, 7.64159, 7.4823 )
( 2.96, 7.32301, 7.24779 )
( 2.37, 7.24779, 7.18584 )
( 1.13, 7.18584, 7.13274 )
( 1.09, 7.10619, 7.04867 )
( 1.00, 5.42478, 5.35398 )
( 0.97, 5.35398, 5.28761 )
( 3.03, 2.17257, 2.0354 )
( 3.27, 1.85841, 1.70796 )
---------------------------------------------------

integral---------------------------------------------------
OL_27H/60H.png
( 0.84, 8.65686, 8.58333 )
( 1.88, 7.7598, 7.63235 )
( 1.93, 7.61275, 7.51961 )
( 1.85, 7.38725, 7.32353 )
( 1.29, 7.32353, 7.26961 )
( 1.05, 7.26961, 7.21078 )
( 1.00, 4.96569, 4.65686 )
( 1.02, 4.01471, 3.78922 )
---------------------------------------------------

integral---------------------------------------------------
OL_27H/61H.png
( 1.01, 8.62385, 8.47248 )
( 2.07, 8.20642, 7.94495 )
( 2.00, 7.66514, 7.56422 )
( 2.84, 7.56422, 7.5 )
( 2.08, 7.5, 7.42661 )
( 2.31, 7.36697, 7.30275 )
( 3.10, 7.1789, 7.11468 )
( 1.23, 7.11468, 7.08716 )
( 1.92, 7.08716, 7.00917 )
( 1.09, 7.00917, 6.94037 )
( 1.00, 4.95413, 4.77523 )
( 1.02, 4.66514, 4.51376 )
---------------------------------------------------


shift--------------------------------------------------
OL_27H/35H.png
8.24
8.23
8.23
8.22
8.22
7.38
7.37
7.37
7.36
7.36
7.33
7.33
7.32
7.31
7.31
7.30
7.30
7.30
7.29
7.29
7.29
7.28
7.27
7.27
7.27
7.26
7.26
7.25
7.25
7.23
7.23
5.94
5.63
0.00
---------------------------------------------------


shift--------------------------------------------------
OL_27H/36H.png
8.11
7.33
7.32
7.32
7.31
7.30
7.29
7.28
7.27
7.26
7.25
7.11
7.09
5.92
5.63
2.33
0.00
---------------------------------------------------


shift--------------------------------------------------
OL_27H/37H.png
8.24
8.24
8.24
8.23
8.22
7.41
7.40
7.39
7.39
7.38
7.32
7.32
7.31
7.30
7.30
7.28
7.27
7.27
7.26
7.26
7.25
7.24
7.23
7.23
7.03
7.02
7.02
7.00
6.99
6.98
6.97
5.88
5.60
0.00
---------------------------------------------------


shift--------------------------------------------------
OL_27H/38H.png
8.26
8.25
8.24
8.24
7.38
7.38
7.37
7.36
7.30
7.30
7.29
7.28
7.28
7.27
7.27
7.26
7.25
7.24
7.24
7.23
7.22
7.22
7.21
7.20
7.19
6.87
6.86
6.85
6.84
6.84
6.83
5.87
5.52
3.79
0.00
---------------------------------------------------


shift--------------------------------------------------
OL_27H/39H.png
8.23
8.23
8.22
8.22
8.21
7.58
7.56
7.44
7.43
7.42
7.42
7.42
7.38
7.36
7.35
7.34
7.33
7.32
7.32
7.31
7.30
7.30
7.28
7.28
5.98
5.71
0.00
---------------------------------------------------


shift--------------------------------------------------
OL_27H/40H.png
8.28
8.28
8.28
8.27
8.26
7.82
7.81
7.80
7.78
7.76
7.75
7.74
7.73
7.73
7.63
7.51
7.50
7.48
7.48
7.45
7.44
7.43
7.43
7.42
7.42
7.41
7.34
7.33
7.32
7.32
7.31
7.30
7.30
7.29
7.28
7.27
7.26
6.08
5.74
0.00
---------------------------------------------------


shift--------------------------------------------------
OL_27H/41H.png
7.69
7.69
7.67
7.67
7.39
7.38
7.37
7.36
7.34
7.33
7.32
7.32
7.32
7.31
7.31
7.30
7.30
7.29
7.29
7.27
7.26
7.25
7.25
7.24
7.14
7.12
7.10
5.89
5.63
0.00
---------------------------------------------------


shift--------------------------------------------------
OL_27H/42H.png
8.60
8.59
8.19
8.17
7.68
7.68
7.66
7.66
7.64
7.62
7.54
7.52
7.50
7.49
7.49
7.48
7.47
7.46
7.40
7.39
7.37
7.34
7.32
7.31
7.25
7.24
7.23
7.23
7.21
4.78
4.75
4.69
4.66
0.00
---------------------------------------------------


shift--------------------------------------------------
OL_27H/43H.png
8.42
8.19
8.17
8.17
7.66
7.64
7.63
7.55
7.53
7.51
7.48
7.46
7.40
7.39
7.37
7.35
7.33
7.26
4.76
4.73
4.67
4.64
2.33
0.00
---------------------------------------------------


shift--------------------------------------------------
OL_27H/44H.png
8.43
8.38
8.37
8.35
8.35
8.33
8.32
7.52
7.51
7.50
7.50
7.45
7.44
7.44
7.43
7.42
7.42
7.40
7.38
7.37
7.35
7.26
4.77
4.73
4.61
4.58
2.35
0.00
---------------------------------------------------


shift--------------------------------------------------
OL_27H/45H.png
8.43
8.30
8.28
7.80
7.78
7.50
7.50
7.48
7.48
7.46
7.46
7.44
7.44
7.42
7.41
7.40
7.38
7.37
7.36
7.36
7.34
7.26
4.77
4.74
4.64
4.60
2.34
0.00
---------------------------------------------------


shift--------------------------------------------------
OL_27H/46H.png
8.42
8.04
8.01
7.67
7.65
7.49
7.48
7.47
7.46
7.45
7.44
7.42
7.40
7.38
7.37
7.34
7.33
7.32
7.26
4.74
4.71
4.63
4.59
2.33
0.00
---------------------------------------------------


shift--------------------------------------------------
OL_27H/47H.png
8.42
8.22
8.21
8.20
8.19
8.19
8.19
8.18
8.17
8.17
7.49
7.48
7.47
7.46
7.46
7.45
7.43
7.43
7.41
7.40
7.40
7.39
7.38
7.37
7.35
7.35
7.34
7.33
7.26
7.22
7.21
7.21
7.19
7.17
7.17
7.16
4.75
4.71
4.64
4.60
2.33
0.00
---------------------------------------------------


shift--------------------------------------------------
OL_27H/48H.png
8.41
8.08
8.06
7.48
7.48
7.47
7.46
7.46
7.45
7.45
7.40
7.38
7.36
7.34
7.34
7.33
7.32
7.31
7.26
4.76
4.73
4.67
4.63
2.45
2.33
0.00
---------------------------------------------------


shift--------------------------------------------------
OL_27H/49H.png
8.41
8.14
8.12
7.47
7.45
7.40
7.38
7.36
7.34
7.32
7.30
7.26
7.01
6.99
4.75
4.72
4.65
4.62
3.89
2.32
0.01
---------------------------------------------------


shift--------------------------------------------------
OL_27H/50H.png
8.76
8.44
8.19
8.18
8.17
8.16
8.04
8.02
7.97
7.95
7.93
7.91
7.66
7.66
7.64
7.64
7.62
7.62
7.61
7.60
7.59
7.58
7.57
7.57
7.54
7.53
7.53
7.52
7.50
7.50
7.48
7.48
7.44
7.44
7.42
7.42
7.40
7.37
7.37
7.37
7.36
7.35
7.35
7.35
7.34
7.34
7.33
7.26
4.81
4.78
4.71
4.68
2.34
0.00
---------------------------------------------------


shift--------------------------------------------------
OL_27H/51H.png
8.43
8.41
8.41
8.40
7.98
7.97
7.95
7.94
7.94
7.93
7.89
7.88
7.66
7.66
7.65
7.65
7.49
7.49
7.47
7.46
7.45
7.39
7.38
7.37
7.36
7.34
7.32
7.30
7.26
7.18
7.18
7.17
7.16
4.74
4.73
4.73
4.71
4.64
4.61
2.33
1.62
0.00
---------------------------------------------------


shift--------------------------------------------------
OL_27H/52H.png
8.61
8.60
8.38
8.36
8.33
8.31
7.75
7.74
7.73
7.73
7.71
7.71
7.48
7.46
7.44
7.42
7.42
7.40
7.30
7.29
7.28
7.27
7.26
7.11
7.09
7.07
4.73
4.70
4.62
4.59
0.00
---------------------------------------------------


shift--------------------------------------------------
OL_27H/53H.png
8.63
8.61
8.39
8.37
8.35
8.33
7.77
7.77
7.75
7.75
7.73
7.73
7.67
7.65
7.60
7.58
7.53
7.51
7.32
7.30
7.30
7.29
7.26
4.84
4.80
4.64
4.60
0.00
---------------------------------------------------


shift--------------------------------------------------
OL_27H/54H.png
8.64
8.63
8.39
7.97
7.97
7.97
7.89
7.88
7.87
7.86
7.83
7.82
7.81
7.74
7.74
7.72
7.72
7.70
7.70
7.57
7.55
7.54
7.53
7.53
7.52
7.51
7.47
7.47
7.45
7.45
7.29
7.28
7.28
7.26
4.94
4.90
4.77
4.73
0.00
---------------------------------------------------


shift--------------------------------------------------
OL_27H/55H.png
8.43
8.38
8.37
8.36
8.35
8.34
8.33
7.50
7.50
7.48
7.47
7.46
7.40
7.39
7.38
7.36
7.35
7.33
7.33
7.31
7.31
7.30
7.29
7.26
5.33
5.30
4.93
4.90
2.33
0.00
---------------------------------------------------


shift--------------------------------------------------
OL_27H/56H.png
8.41
8.17
8.15
7.54
7.53
7.52
7.45
7.44
7.42
7.42
7.37
7.36
7.35
7.35
7.34
7.33
7.29
7.29
7.29
7.28
7.27
7.27
7.26
7.26
7.01
6.99
5.33
5.30
4.95
4.92
3.89
2.31
0.00
---------------------------------------------------


shift--------------------------------------------------
OL_27H/57H.png
8.77
8.44
8.21
8.21
8.19
8.19
8.03
8.01
7.97
7.95
7.93
7.91
7.65
7.65
7.64
7.63
7.62
7.61
7.60
7.58
7.56
7.48
7.47
7.46
7.45
7.44
7.42
7.41
7.39
7.37
7.32
7.31
7.29
7.26
5.40
5.37
5.00
4.97
2.32
0.00
---------------------------------------------------


shift--------------------------------------------------
OL_27H/58H.png
8.41
7.94
7.94
7.93
7.93
7.64
7.64
7.63
7.63
7.52
7.52
7.50
7.47
7.46
7.45
7.44
7.40
7.35
7.33
7.29
7.27
7.26
7.18
7.17
7.17
7.16
5.30
5.27
4.95
4.92
2.31
0.00
---------------------------------------------------


shift--------------------------------------------------
OL_27H/59H.png
8.49
8.48
7.57
7.56
7.54
7.30
7.28
7.26
7.24
7.22
7.20
7.18
7.16
7.14
7.10
7.08
7.08
7.07
5.42
5.39
5.35
5.32
2.14
1.82
0.00
---------------------------------------------------


shift--------------------------------------------------
OL_27H/60H.png
8.63
8.62
8.62
8.61
8.61
8.61
7.73
7.73
7.71
7.71
7.69
7.69
7.68
7.66
7.59
7.58
7.56
7.38
7.37
7.37
7.35
7.35
7.34
7.34
7.33
7.32
7.31
7.31
7.30
7.30
7.29
7.28
7.28
7.27
7.26
7.26
7.25
7.25
7.24
7.23
7.23
4.83
4.80
3.93
3.91
0.00
---------------------------------------------------


shift--------------------------------------------------
OL_27H/61H.png
8.57
8.56
8.08
8.06
7.64
7.64
7.62
7.62
7.61
7.60
7.60
7.59
7.57
7.55
7.53
7.51
7.49
7.47
7.45
7.40
7.38
7.36
7.35
7.33
7.31
7.26
7.24
7.23
7.21
7.16
7.15
7.14
7.13
7.06
7.05
7.03
6.99
6.98
6.96
4.87
4.84
4.61
4.58
1.57
0.00
---------------------------------------------------

